2018/08/06 12:00:00 971 2
    -0.990    31.7621
    -1.980    31.7661
    -2.970    31.7658
    -3.960    31.7657
    -4.950    31.7654
    -5.940    31.7651
    -6.930    31.7654
    -7.920    31.7653
    -8.910    31.7661
    -9.900    31.7665
   -10.890    31.7712
   -11.880    31.7746
   -12.870    31.7801
   -13.860    31.8069
   -14.850    31.8487
   -15.840    31.8924
   -16.830    31.9505
   -17.820    31.9795
   -18.810    31.9822
   -19.800    31.9816
   -20.790    32.0121
   -21.780    32.0376
   -22.770    32.0544
   -23.760    32.0734
   -24.750    32.1754
   -25.740    32.3995
   -26.730    32.5392
   -27.720    32.5489
   -28.710    32.6837
   -29.700    32.8028
   -30.690    32.8922
   -31.680    32.9586
   -32.670    33.0482
   -33.660    33.0897
   -34.650    33.0446
   -35.640    33.1067
   -36.630    33.2315
   -37.620    33.2873
   -38.610    33.3668
   -39.600    33.4401
   -40.590    33.5053
   -41.580    33.5644
   -42.570    33.6675
   -43.560    33.7124
   -44.550    33.7537
   -45.540    33.7872
   -46.530    33.8382
   -47.520    33.8758
   -48.510    33.9096
   -49.500    33.9333
   -50.490    33.9646
   -51.470    34.0156
   -52.460    34.0472
   -53.450    34.0695
   -54.440    34.1275
   -55.430    34.1480
   -56.420    34.1810
   -57.410    34.2076
   -58.400    34.2163
   -59.390    34.2293
   -60.380    34.2535
   -61.370    34.2703
   -62.360    34.2773
   -63.350    34.2846
   -64.340    34.2969
   -65.330    34.3090
   -66.320    34.3317
   -67.310    34.3386
   -68.300    34.3446
   -69.290    34.3486
   -70.280    34.3523
   -71.270    34.3594
   -72.260    34.3627
   -73.250    34.3642
   -74.240    34.3696
   -75.230    34.3737
   -76.220    34.3844
   -77.210    34.3969
   -78.200    34.4033
   -79.190    34.4098
   -80.180    34.4184
   -81.170    34.4257
   -82.160    34.4274
   -83.150    34.4275
   -84.130    34.4275
   -85.120    34.4287
   -86.110    34.4297
   -87.100    34.4470
   -88.090    34.4797
   -89.080    34.5036
   -90.070    34.5399
   -91.060    34.5748
   -92.050    34.5893
   -93.040    34.5951
   -94.030    34.6003
   -95.020    34.5994
   -96.010    34.5996
   -97.000    34.6017
   -97.990    34.6120
   -98.980    34.6183
   -99.970    34.6326
  -100.960    34.6358
  -101.950    34.6417
  -102.940    34.6498
  -103.930    34.6554
  -104.920    34.6606
  -105.910    34.6790
  -106.890    34.7210
  -107.880    34.7403
  -108.870    34.7359
  -109.860    34.7287
  -110.850    34.7254
  -111.840    34.7229
  -112.830    34.7204
  -113.820    34.7168
  -114.810    34.7138
  -115.800    34.7159
  -116.790    34.7225
  -117.780    34.7270
  -118.770    34.7348
  -119.760    34.7451
  -120.750    34.7511
  -121.740    34.7476
  -122.730    34.7504
  -123.720    34.7588
  -124.700    34.7600
  -125.690    34.7609
  -126.680    34.7628
  -127.670    34.7650
  -128.660    34.7669
  -129.650    34.7691
  -130.640    34.7720
  -131.630    34.7744
  -132.620    34.7737
  -133.610    34.7738
  -134.600    34.7730
  -135.590    34.7723
  -136.580    34.7727
  -137.570    34.7770
  -138.560    34.7804
  -139.550    34.7823
  -140.540    34.7852
  -141.520    34.7892
  -142.510    34.7913
  -143.500    34.7928
  -144.490    34.7937
  -145.480    34.7938
  -146.470    34.7941
  -147.460    34.7956
  -148.450    34.7989
  -149.440    34.8042
  -150.430    34.8050
  -151.420    34.8066
  -152.410    34.8143
  -153.400    34.8197
  -154.390    34.8201
  -155.370    34.8175
  -156.360    34.8145
  -157.350    34.8121
  -158.340    34.8051
  -159.330    34.8094
  -160.320    34.8152
  -161.310    34.8202
  -162.300    34.8251
  -163.290    34.8281
  -164.280    34.8389
  -165.270    34.8431
  -166.260    34.8431
  -167.250    34.8424
  -168.230    34.8418
  -169.220    34.8413
  -170.210    34.8404
  -171.200    34.8413
  -172.190    34.8417
  -173.180    34.8416
  -174.170    34.8413
  -175.160    34.8414
  -176.150    34.8416
  -177.140    34.8414
  -178.130    34.8415
  -179.120    34.8417
  -180.110    34.8425
  -181.090    34.8423
  -182.080    34.8414
  -183.070    34.8408
  -184.060    34.8418
  -185.050    34.8433
  -186.040    34.8412
  -187.030    34.8406
  -188.020    34.8437
  -189.010    34.8409
  -190.000    34.8422
  -190.990    34.8406
  -191.970    34.8427
  -192.960    34.8447
  -193.950    34.8466
  -194.940    34.8491
  -195.930    34.8499
  -196.920    34.8512
  -197.910    34.8521
  -198.900    34.8529
  -199.890    34.8538
  -200.880    34.8543
  -201.870    34.8547
  -202.850    34.8548
  -203.840    34.8554
  -204.830    34.8559
  -205.820    34.8562
  -206.810    34.8566
  -207.800    34.8570
  -208.790    34.8577
  -209.780    34.8576
  -210.770    34.8581
  -211.760    34.8585
  -212.740    34.8594
  -213.730    34.8598
  -214.720    34.8600
  -215.710    34.8601
  -216.700    34.8603
  -217.690    34.8607
  -218.680    34.8606
  -219.670    34.8603
  -220.660    34.8606
  -221.650    34.8610
  -222.630    34.8610
  -223.620    34.8612
  -224.610    34.8617
  -225.600    34.8622
  -226.590    34.8625
  -227.580    34.8627
  -228.570    34.8628
  -229.560    34.8630
  -230.550    34.8636
  -231.530    34.8641
  -232.520    34.8645
  -233.510    34.8649
  -234.500    34.8661
  -235.490    34.8671
  -236.480    34.8677
  -237.470    34.8683
  -238.460    34.8706
  -239.450    34.8711
  -240.430    34.8699
  -241.420    34.8699
  -242.410    34.8698
  -243.400    34.8692
  -244.390    34.8693
  -245.380    34.8693
  -246.370    34.8705
  -247.360    34.8707
  -248.350    34.8717
  -249.330    34.8725
  -250.320    34.8736
  -251.310    34.8749
  -252.300    34.8809
  -253.290    34.8812
  -254.280    34.8816
  -255.270    34.8817
  -256.260    34.8815
  -257.240    34.8806
  -258.230    34.8806
  -259.220    34.8806
  -260.210    34.8806
  -261.200    34.8807
  -262.190    34.8800
  -263.180    34.8788
  -264.170    34.8797
  -265.150    34.8811
  -266.140    34.8813
  -267.130    34.8814
  -268.120    34.8810
  -269.110    34.8809
  -270.100    34.8810
  -271.090    34.8808
  -272.080    34.8810
  -273.060    34.8809
  -274.050    34.8807
  -275.040    34.8807
  -276.030    34.8801
  -277.020    34.8803
  -278.010    34.8803
  -279.000    34.8804
  -279.990    34.8804
  -280.970    34.8803
  -281.960    34.8802
  -282.950    34.8802
  -283.940    34.8801
  -284.930    34.8802
  -285.920    34.8802
  -286.910    34.8805
  -287.890    34.8802
  -288.880    34.8807
  -289.870    34.8809
  -290.860    34.8809
  -291.850    34.8811
  -292.840    34.8812
  -293.830    34.8815
  -294.810    34.8814
  -295.800    34.8815
  -296.790    34.8815
  -297.780    34.8817
  -298.770    34.8819
  -299.760    34.8822
  -300.750    34.8825
  -301.730    34.8831
  -302.720    34.8836
  -303.710    34.8838
  -304.700    34.8839
  -305.690    34.8841
  -306.680    34.8841
  -307.670    34.8843
  -308.650    34.8845
  -309.640    34.8846
  -310.630    34.8846
  -311.620    34.8852
  -312.610    34.8862
  -313.600    34.8866
  -314.590    34.8873
  -315.570    34.8878
  -316.560    34.8885
  -317.550    34.8889
  -318.540    34.8884
  -319.530    34.8884
  -320.520    34.8883
  -321.510    34.8882
  -322.490    34.8882
  -323.480    34.8884
  -324.470    34.8886
  -325.460    34.8895
  -326.450    34.8903
  -327.440    34.8909
  -328.420    34.8918
  -329.410    34.8935
  -330.400    34.8941
  -331.390    34.8950
  -332.380    34.8967
  -333.370    34.8967
  -334.350    34.8966
  -335.340    34.8963
  -336.330    34.8964
  -337.320    34.8973
  -338.310    34.8972
  -339.300    34.8968
  -340.290    34.8970
  -341.270    34.8970
  -342.260    34.8976
  -343.250    34.8978
  -344.240    34.8980
  -345.230    34.8983
  -346.220    34.8984
  -347.200    34.8987
  -348.190    34.8987
  -349.180    34.8989
  -350.170    34.8996
  -351.160    34.9004
  -352.150    34.9010
  -353.130    34.9012
  -354.120    34.9017
  -355.110    34.9021
  -356.100    34.9022
  -357.090    34.9023
  -358.080    34.9028
  -359.060    34.9028
  -360.050    34.9032
  -361.040    34.9034
  -362.030    34.9032
  -363.020    34.9033
  -364.000    34.9034
  -364.990    34.9037
  -365.980    34.9037
  -366.970    34.9039
  -367.960    34.9039
  -368.950    34.9039
  -369.930    34.9039
  -370.920    34.9040
  -371.910    34.9042
  -372.900    34.9042
  -373.890    34.9042
  -374.880    34.9041
  -375.860    34.9040
  -376.850    34.9042
  -377.840    34.9045
  -378.830    34.9044
  -379.820    34.9046
  -380.800    34.9047
  -381.790    34.9044
  -382.780    34.9046
  -383.770    34.9039
  -384.760    34.9039
  -385.750    34.9044
  -386.730    34.9045
  -387.720    34.9042
  -388.710    34.9046
  -389.700    34.9048
  -390.690    34.9048
  -391.670    34.9050
  -392.660    34.9050
  -393.650    34.9051
  -394.640    34.9050
  -395.630    34.9052
  -396.620    34.9049
  -397.600    34.9052
  -398.590    34.9051
  -399.580    34.9049
  -400.570    34.9051
  -401.560    34.9051
  -402.540    34.9049
  -403.530    34.9052
  -404.520    34.9049
  -405.510    34.9047
  -406.500    34.9047
  -407.480    34.9048
  -408.470    34.9051
  -409.460    34.9051
  -410.450    34.9047
  -411.440    34.9025
  -412.420    34.9021
  -413.410    34.9023
  -414.400    34.9026
  -415.390    34.9029
  -416.380    34.9030
  -417.360    34.9030
  -418.350    34.9029
  -419.340    34.9025
  -420.330    34.9028
  -421.320    34.9032
  -422.300    34.9027
  -423.290    34.9034
  -424.280    34.9029
  -425.270    34.9033
  -426.260    34.9035
  -427.240    34.9037
  -428.230    34.9036
  -429.220    34.9035
  -430.210    34.9035
  -431.200    34.9031
  -432.180    34.9030
  -433.170    34.9036
  -434.160    34.9037
  -435.150    34.9037
  -436.140    34.9039
  -437.120    34.9040
  -438.110    34.9046
  -439.100    34.9047
  -440.090    34.9050
  -441.080    34.9047
  -442.060    34.9042
  -443.050    34.9041
  -444.040    34.9045
  -445.030    34.9042
  -446.010    34.9050
  -447.000    34.9050
  -447.990    34.9053
  -448.980    34.9049
  -449.970    34.9051
  -450.950    34.9050
  -451.940    34.9055
  -452.930    34.9056
  -453.920    34.9059
  -454.910    34.9058
  -455.890    34.9057
  -456.880    34.9060
  -457.870    34.9061
  -458.860    34.9061
  -459.840    34.9060
  -460.830    34.9058
  -461.820    34.9059
  -462.810    34.9060
  -463.800    34.9059
  -464.780    34.9055
  -465.770    34.9059
  -466.760    34.9056
  -467.750    34.9058
  -468.730    34.9057
  -469.720    34.9061
  -470.710    34.9061
  -471.700    34.9062
  -472.690    34.9063
  -473.670    34.9062
  -474.660    34.9063
  -475.650    34.9061
  -476.640    34.9062
  -477.620    34.9062
  -478.610    34.9060
  -479.600    34.9061
  -480.590    34.9063
  -481.580    34.9064
  -482.560    34.9064
  -483.550    34.9065
  -484.540    34.9067
  -485.530    34.9063
  -486.510    34.9063
  -487.500    34.9063
  -488.490    34.9065
  -489.480    34.9063
  -490.460    34.9060
  -491.450    34.9058
  -492.440    34.9057
  -493.430    34.9058
  -494.410    34.9058
  -495.400    34.9058
  -496.390    34.9057
  -497.380    34.9055
  -498.370    34.9058
  -499.350    34.9057
  -500.340    34.9060
  -501.330    34.9060
  -502.320    34.9058
  -503.300    34.9060
  -504.290    34.9061
  -505.280    34.9060
  -506.270    34.9060
  -507.250    34.9059
  -508.240    34.9059
  -509.230    34.9062
  -510.220    34.9063
  -511.200    34.9063
  -512.190    34.9065
  -513.180    34.9064
  -514.170    34.9068
  -515.150    34.9071
  -516.140    34.9073
  -517.130    34.9070
  -518.120    34.9073
  -519.100    34.9070
  -520.090    34.9073
  -521.080    34.9072
  -522.070    34.9073
  -523.050    34.9071
  -524.040    34.9071
  -525.030    34.9073
  -526.020    34.9076
  -527.000    34.9071
  -527.990    34.9071
  -528.980    34.9074
  -529.970    34.9074
  -530.950    34.9077
  -531.940    34.9077
  -532.930    34.9071
  -533.920    34.9066
  -534.900    34.9066
  -535.890    34.9064
  -536.880    34.9066
  -537.870    34.9068
  -538.850    34.9068
  -539.840    34.9069
  -540.830    34.9069
  -541.820    34.9070
  -542.800    34.9070
  -543.790    34.9068
  -544.780    34.9067
  -545.770    34.9068
  -546.750    34.9068
  -547.740    34.9069
  -548.730    34.9071
  -549.720    34.9071
  -550.700    34.9072
  -551.690    34.9071
  -552.680    34.9070
  -553.660    34.9071
  -554.650    34.9072
  -555.640    34.9072
  -556.630    34.9071
  -557.610    34.9071
  -558.600    34.9072
  -559.590    34.9073
  -560.580    34.9073
  -561.560    34.9071
  -562.550    34.9070
  -563.540    34.9073
  -564.530    34.9073
  -565.510    34.9071
  -566.500    34.9075
  -567.490    34.9078
  -568.470    34.9081
  -569.460    34.9084
  -570.450    34.9081
  -571.440    34.9083
  -572.420    34.9085
  -573.410    34.9087
  -574.400    34.9086
  -575.390    34.9087
  -576.370    34.9087
  -577.360    34.9086
  -578.350    34.9087
  -579.330    34.9087
  -580.320    34.9090
  -581.310    34.9089
  -582.300    34.9089
  -583.280    34.9087
  -584.270    34.9087
  -585.260    34.9090
  -586.240    34.9091
  -587.230    34.9090
  -588.220    34.9090
  -589.210    34.9089
  -590.190    34.9088
  -591.180    34.9091
  -592.170    34.9093
  -593.160    34.9095
  -594.140    34.9094
  -595.130    34.9097
  -596.120    34.9098
  -597.100    34.9096
  -598.090    34.9097
  -599.080    34.9098
  -600.070    34.9098
  -601.050    34.9098
  -602.040    34.9099
  -603.030    34.9100
  -604.010    34.9098
  -605.000    34.9100
  -605.990    34.9098
  -606.980    34.9097
  -607.960    34.9097
  -608.950    34.9097
  -609.940    34.9097
  -610.920    34.9099
  -611.910    34.9101
  -612.900    34.9100
  -613.880    34.9099
  -614.870    34.9100
  -615.860    34.9102
  -616.850    34.9102
  -617.830    34.9103
  -618.820    34.9102
  -619.810    34.9104
  -620.790    34.9105
  -621.780    34.9105
  -622.770    34.9107
  -623.760    34.9106
  -624.740    34.9106
  -625.730    34.9109
  -626.720    34.9111
  -627.700    34.9112
  -628.690    34.9114
  -629.680    34.9114
  -630.660    34.9112
  -631.650    34.9113
  -632.640    34.9113
  -633.630    34.9114
  -634.610    34.9116
  -635.600    34.9116
  -636.590    34.9118
  -637.570    34.9116
  -638.560    34.9117
  -639.550    34.9117
  -640.530    34.9115
  -641.520    34.9117
  -642.510    34.9118
  -643.490    34.9119
  -644.480    34.9117
  -645.470    34.9120
  -646.460    34.9120
  -647.440    34.9120
  -648.430    34.9120
  -649.420    34.9122
  -650.400    34.9123
  -651.390    34.9122
  -652.380    34.9124
  -653.360    34.9124
  -654.350    34.9126
  -655.340    34.9124
  -656.320    34.9127
  -657.310    34.9125
  -658.300    34.9127
  -659.280    34.9128
  -660.270    34.9128
  -661.260    34.9128
  -662.250    34.9128
  -663.230    34.9130
  -664.220    34.9130
  -665.210    34.9131
  -666.190    34.9131
  -667.180    34.9131
  -668.170    34.9131
  -669.150    34.9133
  -670.140    34.9133
  -671.130    34.9133
  -672.110    34.9133
  -673.100    34.9132
  -674.090    34.9133
  -675.070    34.9134
  -676.060    34.9133
  -677.050    34.9131
  -678.030    34.9135
  -679.020    34.9135
  -680.010    34.9137
  -680.990    34.9135
  -681.980    34.9137
  -682.970    34.9137
  -683.950    34.9139
  -684.940    34.9139
  -685.930    34.9139
  -686.910    34.9139
  -687.900    34.9140
  -688.890    34.9140
  -689.870    34.9139
  -690.860    34.9140
  -691.850    34.9139
  -692.840    34.9142
  -693.820    34.9141
  -694.810    34.9140
  -695.800    34.9140
  -696.780    34.9141
  -697.770    34.9142
  -698.760    34.9142
  -699.740    34.9143
  -700.730    34.9143
  -701.720    34.9142
  -702.700    34.9141
  -703.690    34.9142
  -704.680    34.9142
  -705.660    34.9143
  -706.650    34.9142
  -707.630    34.9142
  -708.620    34.9140
  -709.610    34.9142
  -710.590    34.9145
  -711.580    34.9145
  -712.570    34.9144
  -713.550    34.9144
  -714.540    34.9145
  -715.530    34.9145
  -716.510    34.9144
  -717.500    34.9145
  -718.490    34.9145
  -719.470    34.9148
  -720.460    34.9146
  -721.450    34.9148
  -722.430    34.9146
  -723.420    34.9144
  -724.410    34.9146
  -725.390    34.9146
  -726.380    34.9147
  -727.370    34.9146
  -728.350    34.9147
  -729.340    34.9144
  -730.330    34.9149
  -731.310    34.9147
  -732.300    34.9148
  -733.290    34.9147
  -734.270    34.9147
  -735.260    34.9147
  -736.240    34.9149
  -737.230    34.9147
  -738.220    34.9148
  -739.200    34.9148
  -740.190    34.9148
  -741.180    34.9149
  -742.160    34.9149
  -743.150    34.9150
  -744.140    34.9149
  -745.120    34.9149
  -746.110    34.9149
  -747.100    34.9150
  -748.080    34.9149
  -749.070    34.9151
  -750.060    34.9152
  -751.040    34.9151
  -752.030    34.9152
  -753.010    34.9152
  -754.000    34.9152
  -754.990    34.9152
  -755.970    34.9152
  -756.960    34.9154
  -757.950    34.9154
  -758.930    34.9156
  -759.920    34.9155
  -760.910    34.9154
  -761.890    34.9154
  -762.880    34.9156
  -763.860    34.9155
  -764.850    34.9157
  -765.840    34.9155
  -766.820    34.9155
  -767.810    34.9156
  -768.800    34.9158
  -769.780    34.9157
  -770.770    34.9158
  -771.760    34.9157
  -772.740    34.9157
  -773.730    34.9158
  -774.710    34.9158
  -775.700    34.9159
  -776.690    34.9156
  -777.670    34.9157
  -778.660    34.9159
  -779.650    34.9155
  -780.630    34.9156
  -781.620    34.9156
  -782.600    34.9156
  -783.590    34.9156
  -784.580    34.9157
  -785.560    34.9159
  -786.550    34.9159
  -787.540    34.9158
  -788.520    34.9159
  -789.510    34.9158
  -790.490    34.9158
  -791.480    34.9159
  -792.470    34.9160
  -793.450    34.9157
  -794.440    34.9156
  -795.430    34.9155
  -796.410    34.9158
  -797.400    34.9159
  -798.380    34.9159
  -799.370    34.9159
  -800.360    34.9159
  -801.340    34.9159
  -802.330    34.9160
  -803.320    34.9161
  -804.300    34.9160
  -805.290    34.9161
  -806.270    34.9160
  -807.260    34.9160
  -808.250    34.9161
  -809.230    34.9161
  -810.220    34.9159
  -811.200    34.9154
  -812.190    34.9158
  -813.180    34.9160
  -814.160    34.9161
  -815.150    34.9159
  -816.130    34.9157
  -817.120    34.9157
  -818.110    34.9161
  -819.090    34.9161
  -820.080    34.9161
  -821.070    34.9163
  -822.050    34.9162
  -823.040    34.9164
  -824.020    34.9164
  -825.010    34.9164
  -826.000    34.9164
  -826.980    34.9163
  -827.970    34.9164
  -828.950    34.9163
  -829.940    34.9164
  -830.930    34.9165
  -831.910    34.9165
  -832.900    34.9165
  -833.880    34.9162
  -834.870    34.9163
  -835.860    34.9163
  -836.840    34.9166
  -837.830    34.9166
  -838.810    34.9166
  -839.800    34.9167
  -840.790    34.9168
  -841.770    34.9168
  -842.760    34.9163
  -843.740    34.9163
  -844.730    34.9158
  -845.720    34.9162
  -846.700    34.9162
  -847.690    34.9167
  -848.670    34.9168
  -849.660    34.9167
  -850.650    34.9165
  -851.630    34.9166
  -852.620    34.9165
  -853.600    34.9167
  -854.590    34.9168
  -855.580    34.9169
  -856.560    34.9171
  -857.550    34.9171
  -858.530    34.9169
  -859.520    34.9170
  -860.500    34.9169
  -861.490    34.9169
  -862.480    34.9170
  -863.460    34.9171
  -864.450    34.9170
  -865.430    34.9169
  -866.420    34.9167
  -867.410    34.9169
  -868.390    34.9164
  -869.380    34.9170
  -870.360    34.9171
  -871.350    34.9171
  -872.340    34.9172
  -873.320    34.9170
  -874.310    34.9174
  -875.290    34.9175
  -876.280    34.9175
  -877.260    34.9175
  -878.250    34.9177
  -879.240    34.9177
  -880.220    34.9176
  -881.210    34.9176
  -882.190    34.9176
  -883.180    34.9176
  -884.160    34.9175
  -885.150    34.9173
  -886.140    34.9172
  -887.120    34.9175
  -888.110    34.9175
  -889.090    34.9178
  -890.080    34.9178
  -891.070    34.9178
  -892.050    34.9177
  -893.040    34.9179
  -894.020    34.9182
  -895.010    34.9180
  -895.990    34.9178
  -896.980    34.9179
  -897.970    34.9179
  -898.950    34.9180
  -899.940    34.9180
  -900.920    34.9180
  -901.910    34.9179
  -902.890    34.9179
  -903.880    34.9180
  -904.870    34.9180
  -905.850    34.9180
  -906.840    34.9181
  -907.820    34.9181
  -908.810    34.9181
  -909.790    34.9184
  -910.780    34.9182
  -911.760    34.9183
  -912.750    34.9183
  -913.740    34.9177
  -914.720    34.9183
  -915.710    34.9184
  -916.690    34.9185
  -917.680    34.9182
  -918.660    34.9183
  -919.650    34.9185
  -920.640    34.9183
  -921.620    34.9184
  -922.610    34.9183
  -923.590    34.9186
  -924.580    34.9184
  -925.560    34.9184
  -926.550    34.9185
  -927.530    34.9184
  -928.520    34.9185
  -929.510    34.9183
  -930.490    34.9184
  -931.480    34.9185
  -932.460    34.9185
  -933.450    34.9184
  -934.430    34.9184
  -935.420    34.9186
  -936.400    34.9184
  -937.390    34.9184
  -938.380    34.9184
  -939.360    34.9183
  -940.350    34.9183
  -941.330    34.9182
  -942.320    34.9184
  -943.300    34.9184
  -944.290    34.9184
  -945.270    34.9183
  -946.260    34.9184
  -947.250    34.9184
  -948.230    34.9182
  -949.220    34.9181
  -950.200    34.9184
  -951.190    34.9185
  -952.170    34.9185
  -953.160    34.9182
  -954.140    34.9182
  -955.130    34.9181
  -956.110    34.9184
  -957.100    34.9186
  -958.090    34.9183
  -959.070    34.9185
