2019/10/25 00:00:00   -2.080 -10.026  1027.56   0.185  -7.562 0.289 0.000e+00    0.00  213.70
2019/10/25 03:00:00   -0.998  -8.031  1026.16   0.145  -7.560 0.030 0.000e+00    0.00  207.12
2019/10/25 06:00:00    1.106  -6.343  1025.52  -0.147  -6.726 0.014 0.000e+00    0.00  205.81
2019/10/25 09:00:00    2.147  -5.019  1023.77   0.002  -6.323 0.000 0.000e+00    0.00  207.62
2019/10/25 12:00:00    3.347  -5.555  1022.09   0.570  -5.701 0.001 0.000e+00  119.94  209.14
2019/10/25 15:00:00    2.972  -3.397  1019.42   1.304  -5.172 0.000 0.000e+00  164.57  211.65
2019/10/25 18:00:00    3.082  -1.038  1018.04   1.858  -4.761 0.000 0.000e+00    8.92  215.14
2019/10/25 21:00:00    3.373   0.480  1017.01   2.523  -3.936 0.000 0.000e+00    0.00  218.26
2019/10/26 00:00:00    2.770   1.525  1016.33   3.087  -3.051 0.058 0.000e+00    0.00  223.79
2019/10/26 03:00:00    3.808   2.332  1015.79   3.598  -1.886 0.192 0.000e+00    0.00  228.65
2019/10/26 06:00:00    4.574   0.641  1015.66   3.925  -1.239 0.328 0.000e+00    0.00  244.88
2019/10/26 09:00:00    4.469   0.623  1015.64   4.189  -1.105 0.480 0.000e+00    0.00  248.57
2019/10/26 12:00:00    4.648   0.944  1016.27   3.953  -0.666 0.623 0.000e+00   97.85  247.75
2019/10/26 15:00:00    4.560   0.616  1016.14   3.990  -0.382 0.468 0.000e+00  130.48  255.37
2019/10/26 18:00:00    4.337   1.025  1016.83   4.074  -0.147 0.220 0.000e+00    5.67  259.93
2019/10/26 21:00:00    4.230   1.305  1017.75   4.097  -0.310 0.167 0.000e+00    0.00  257.53
2019/10/27 00:00:00    3.781   1.330  1018.12   4.101  -0.600 0.082 0.000e+00    0.00  255.55
2019/10/27 03:00:00    4.119   1.590  1019.41   4.163  -0.612 0.123 0.000e+00    0.00  261.02
2019/10/27 06:00:00    4.656   1.669  1020.52   4.422  -0.049 0.086 0.000e+00    0.00  253.97
2019/10/27 09:00:00    4.948   2.086  1021.91   4.759   0.195 0.038 0.000e+00    0.00  249.50
2019/10/27 12:00:00    6.000   2.196  1023.35   4.811   0.352 0.094 0.000e+00   97.78  242.63
2019/10/27 15:00:00    6.708   2.167  1025.03   5.098   0.791 0.108 0.000e+00  139.50  253.27
2019/10/27 18:00:00    7.885   1.902  1026.55   5.427   1.097 0.272 0.000e+00    4.46  260.50
2019/10/27 21:00:00    8.564   3.209  1028.26   5.617   1.633 0.570 1.578e-09    0.00  272.41
2019/10/28 00:00:00    7.814   4.530  1029.31   5.378   0.735 0.628 2.415e-10    0.00  262.69
2019/10/28 03:00:00    8.915   4.444  1030.04   5.409   0.721 0.740 8.247e-09    0.00  301.12
2019/10/28 06:00:00    9.767   4.783  1030.17   5.297   0.834 0.442 1.500e-09    0.00  259.82
2019/10/28 09:00:00    9.348   5.656  1030.32   5.741   0.073 0.225 5.237e-11    0.00  249.76
2019/10/28 12:00:00    8.338   8.465  1029.94   6.073   0.652 0.305 9.131e-10   77.14  250.20
2019/10/28 15:00:00    9.450   9.005  1028.83   6.455   2.469 0.311 3.290e-10  109.60  288.45
2019/10/28 18:00:00    8.914   9.153  1027.85   6.704   2.932 0.301 0.000e+00    3.08  266.96
2019/10/28 21:00:00    7.442   8.530  1026.10   6.644   4.255 0.997 3.553e-11    0.00  275.03
2019/10/29 00:00:00    8.622   7.501  1024.78   6.655   4.692 0.980 0.000e+00    0.00  278.28
2019/10/29 03:00:00    9.810   7.599  1023.14   6.864   5.389 1.000 1.741e-09    0.00  323.19
2019/10/29 06:00:00    9.849   7.188  1022.23   6.939   4.786 1.000 1.198e-08    0.00  329.02
2019/10/29 09:00:00    9.866   6.607  1021.68   6.701   4.966 1.000 4.201e-08    0.00  335.70
2019/10/29 12:00:00    8.566   6.609  1021.36   5.853   4.371 1.000 6.914e-08   10.15  336.88
2019/10/29 15:00:00    7.208   4.247  1020.58   5.405   4.099 1.000 1.204e-07   10.83  335.89
2019/10/29 18:00:00    4.923   3.177  1020.78   4.360   3.516 1.000 9.534e-08    0.30  333.55
2019/10/29 21:00:00    4.001   3.835  1019.72   4.326   3.473 1.000 5.886e-08    0.00  330.97
2019/10/30 00:00:00    4.830   5.982  1018.79   4.824   3.616 1.000 6.655e-08    0.00  331.19
2019/10/30 03:00:00    5.070   5.444  1017.36   4.291   3.383 1.000 3.305e-08    0.00  327.08
2019/10/30 06:00:00    4.833   3.040  1016.36   3.560   2.827 0.970 1.418e-08    0.00  325.35
2019/10/30 09:00:00    2.543  -0.464  1015.93   2.430   1.802 0.991 3.896e-10    0.00  315.50
2019/10/30 12:00:00    2.511   2.742  1014.95   2.001   1.345 0.994 9.823e-10   34.38  319.84
2019/10/30 15:00:00    3.612   2.355  1013.60   1.214   0.483 1.000 4.095e-10   41.91  315.36
2019/10/30 18:00:00    3.941   1.036  1013.03   0.781  -0.031 0.989 4.255e-10    0.58  308.54
2019/10/30 21:00:00    4.891  -2.954  1013.36   0.693  -0.479 0.994 2.249e-10    0.00  312.13
2019/10/31 00:00:00    3.509  -7.437  1012.96   0.950   0.062 0.993 8.573e-10    0.00  305.05
2019/10/31 03:00:00    2.914  -9.530  1013.72   0.536  -0.887 0.999 2.664e-09    0.00  306.89
2019/10/31 06:00:00    1.375 -10.486  1014.69   0.324  -1.545 1.000 4.116e-10    0.00  308.05
2019/10/31 09:00:00   -0.334  -9.512  1015.90   0.248  -2.009 1.000 6.590e-10    0.00  308.29
2019/10/31 12:00:00   -2.001  -9.865  1016.05   0.278  -2.206 0.997 9.748e-11   26.40  301.95
2019/10/31 15:00:00   -2.802  -8.634  1015.30  -0.037  -2.772 0.999 5.865e-10   42.35  302.16
2019/10/31 18:00:00   -4.343  -8.232  1014.88   0.022  -3.065 1.000 1.665e-09    0.37  298.84
2019/10/31 21:00:00   -6.352  -7.326  1014.26   0.112  -2.577 1.000 1.691e-09    0.00  300.74
2019/11/01 00:00:00   -7.587  -8.560  1012.92   0.689  -1.965 1.000 1.836e-09    0.00  304.87
2019/11/01 03:00:00   -7.831  -8.484  1011.67   0.751  -1.559 1.000 9.658e-10    0.00  307.69
2019/11/01 06:00:00   -8.105  -9.594  1009.92   1.087  -0.998 1.000 2.161e-09    0.00  304.79
2019/11/01 09:00:00   -9.581  -7.841  1008.86   2.043  -0.776 1.000 2.576e-09    0.00  303.13
2019/11/01 12:00:00   -8.652  -9.600  1007.84   2.294  -0.449 1.000 3.061e-09   32.97  293.87
2019/11/01 15:00:00   -8.759  -9.556  1005.98   2.028  -0.235 1.000 1.999e-09   53.88  289.54
2019/11/01 18:00:00   -9.556  -9.510  1004.32   2.070  -0.113 1.000 2.926e-09    0.21  305.31
2019/11/01 21:00:00   -9.389  -9.430  1004.32   2.403   0.118 1.000 3.989e-09    0.00  301.62
2019/11/02 00:00:00   -9.985 -10.514  1003.89   2.518   0.797 1.000 2.304e-09    0.00  310.60
2019/11/02 03:00:00   -9.078  -9.602  1003.28   2.406   0.737 1.000 2.987e-09    0.00  306.94
2019/11/02 06:00:00   -8.835  -9.606  1003.31   2.585   0.738 1.000 1.787e-09    0.00  294.03
2019/11/02 09:00:00   -8.806  -9.629  1003.90   2.519   0.791 1.000 2.089e-09    0.00  303.37
2019/11/02 12:00:00   -7.845 -11.239  1004.35   1.913   0.260 1.000 1.481e-09   26.88  309.79
2019/11/02 15:00:00   -7.704 -10.506  1002.95   2.531   0.521 1.000 2.338e-09   32.87  312.79
2019/11/02 18:00:00   -8.225  -7.406  1001.95   3.860   1.548 1.000 9.505e-10    0.09  296.89
2019/11/02 21:00:00   -8.296  -5.656  1002.10   4.548   1.560 1.000 3.528e-10    0.00  290.51
2019/11/03 00:00:00   -8.772  -6.517  1002.34   4.253   1.597 1.000 2.215e-09    0.00  301.37
2019/11/03 03:00:00   -8.752  -5.615  1002.13   4.376   1.828 1.000 3.569e-09    0.00  298.76
2019/11/03 06:00:00   -9.330  -7.632  1003.57   4.118   1.754 1.000 1.891e-09    0.00  291.53
2019/11/03 09:00:00   -8.157  -8.993  1005.06   3.651   1.409 0.998 2.057e-10    0.00  276.89
2019/11/03 12:00:00   -8.737 -10.922  1007.10   3.290   1.163 0.999 2.700e-10   41.32  279.24
2019/11/03 15:00:00   -9.158 -11.065  1008.90   2.737   1.202 1.000 4.312e-10   52.09  293.18
2019/11/03 18:00:00   -8.545 -10.620  1010.01   2.575   0.889 0.994 2.481e-10    0.03  288.09
2019/11/03 21:00:00   -7.364  -9.270  1011.97   3.284   0.757 1.000 5.735e-10    0.00  282.15
2019/11/04 00:00:00   -5.895 -10.175  1013.44   2.694   0.749 0.990 5.497e-10    0.00  278.43
2019/11/04 03:00:00   -5.596  -9.481  1014.32   2.366   1.025 0.999 3.191e-10    0.00  262.83
2019/11/04 06:00:00   -4.588  -9.303  1015.34   2.567   0.569 1.000 2.077e-09    0.00  280.35
2019/11/04 09:00:00   -4.676  -8.786  1016.59   2.462   0.651 0.549 4.092e-09    0.00  283.68
2019/11/04 12:00:00   -4.170  -8.966  1017.44   2.659   0.135 0.738 5.177e-09   43.23  280.90
2019/11/04 15:00:00   -4.147  -9.795  1018.44   2.041   0.621 0.759 7.283e-09   70.16  273.39
2019/11/04 18:00:00   -5.941  -8.552  1019.14   2.050   0.136 0.647 7.051e-09    0.00  274.55
2019/11/04 21:00:00   -7.373  -7.089  1019.53   2.557  -0.057 0.807 6.185e-09    0.00  274.85
2019/11/05 00:00:00   -8.803  -6.268  1019.44   2.611   0.323 0.643 8.768e-09    0.00  272.18
2019/11/05 03:00:00  -10.138  -4.251  1018.92   2.621   0.234 0.989 1.316e-08    0.00  273.32
2019/11/05 06:00:00  -10.969  -2.392  1018.24   2.733   0.142 1.000 1.821e-08    0.00  284.29
2019/11/05 09:00:00  -11.410  -1.112  1017.93   2.840  -0.304 1.000 1.291e-08    0.00  279.15
2019/11/05 12:00:00  -12.341  -2.505  1017.45   2.942   0.107 1.000 9.733e-09   29.58  272.84
2019/11/05 15:00:00  -12.336  -3.309  1016.84   2.821  -0.385 1.000 6.418e-09   55.02  276.12
2019/11/05 18:00:00  -12.400  -2.631  1015.79   2.806  -1.000 1.000 1.947e-09    0.00  260.50
2019/11/05 21:00:00  -11.830  -3.060  1015.22   2.875  -1.773 1.000 8.786e-10    0.00  255.94
2019/11/06 00:00:00  -11.005  -4.981  1014.43   2.755  -2.132 0.999 0.000e+00    0.00  273.12
2019/11/06 03:00:00   -9.988  -4.024  1013.07   2.464  -3.597 1.000 0.000e+00    0.00  274.57
2019/11/06 06:00:00   -9.630  -4.124  1012.59   2.376  -3.960 1.000 0.000e+00    0.00  288.06
2019/11/06 09:00:00   -9.403  -3.944  1012.60   2.363  -4.360 1.000 2.647e-10    0.00  289.34
2019/11/06 12:00:00   -8.337  -4.947  1013.24   2.589  -4.341 1.000 1.043e-10   22.56  291.55
2019/11/06 15:00:00   -7.996  -4.331  1013.23   2.751  -4.243 1.000 5.820e-09   36.72  292.02
2019/11/06 18:00:00   -8.444  -4.914  1013.93   2.348  -2.797 1.000 3.810e-09    0.00  286.46
2019/11/06 21:00:00   -8.437  -5.316  1015.02   2.256  -1.605 0.998 4.507e-09    0.00  281.22
2019/11/07 00:00:00   -8.573  -6.089  1015.55   2.253  -1.209 0.953 4.035e-09    0.00  267.53
2019/11/07 03:00:00   -7.953  -3.972  1015.77   2.473  -1.424 0.916 2.982e-09    0.00  273.75
2019/11/07 06:00:00   -7.296  -3.000  1015.81   2.868  -1.258 0.785 2.214e-09    0.00  271.67
2019/11/07 09:00:00   -7.390  -2.296  1015.99   3.368  -1.359 0.799 5.643e-10    0.00  277.84
2019/11/07 12:00:00   -7.663  -2.590  1016.08   3.677  -1.626 0.880 3.096e-09   31.01  260.16
2019/11/07 15:00:00   -7.161  -2.272  1015.33   3.657  -1.611 0.858 1.010e-09   32.43  303.23
2019/11/07 18:00:00   -6.703  -1.890  1014.66   3.831  -0.741 0.975 3.120e-09    0.00  299.47
2019/11/07 21:00:00   -7.466  -0.903  1013.82   4.262   0.687 0.976 1.083e-09    0.00  283.59
2019/11/08 00:00:00   -8.662   0.343  1012.71   4.734   2.194 0.995 2.677e-08    0.00  297.35
2019/11/08 03:00:00   -7.212   2.891  1010.57   5.195   2.553 1.000 1.333e-08    0.00  296.11
2019/11/08 06:00:00   -9.074   1.412  1008.74   5.271   2.521 1.000 3.482e-09    0.00  283.01
2019/11/08 09:00:00  -11.944  -2.214  1006.78   5.147   1.531 1.000 8.186e-11    0.00  275.86
2019/11/08 12:00:00  -12.807  -3.891  1005.13   4.964   1.075 1.000 4.337e-09   19.77  299.12
2019/11/08 15:00:00  -12.975  -4.173  1003.40   4.628   1.427 1.000 8.663e-09   25.26  301.91
2019/11/08 18:00:00  -13.241  -4.201  1002.71   4.691   1.098 1.000 1.606e-09    0.00  296.58
2019/11/08 21:00:00  -13.605  -6.246  1002.62   4.684   0.953 1.000 2.265e-11    0.00  287.70
2019/11/09 00:00:00  -12.617  -7.742  1002.97   4.503   0.847 1.000 0.000e+00    0.00  283.68
2019/11/09 03:00:00  -11.468  -7.603  1002.55   4.564   1.065 0.977 0.000e+00    0.00  276.30
2019/11/09 06:00:00  -12.368  -7.447  1002.48   4.662   1.335 0.958 0.000e+00    0.00  267.52
2019/11/09 09:00:00  -11.920  -6.322  1003.88   4.665   1.552 0.989 4.621e-09    0.00  263.43
2019/11/09 12:00:00  -10.629  -4.085  1005.36   5.356   1.959 1.000 1.690e-08   11.87  316.55
2019/11/09 15:00:00   -8.127   0.834  1006.45   5.268   2.116 0.970 5.526e-08   19.30  315.00
2019/11/09 18:00:00   -3.489   3.134  1007.39   5.649   2.957 0.805 9.893e-09    0.00  299.58
2019/11/09 21:00:00   -2.651   3.585  1008.61   5.762   3.073 0.334 3.785e-09    0.00  271.43
2019/11/10 00:00:00   -5.329   3.216  1008.19   5.662   2.528 0.377 1.632e-09    0.00  258.78
2019/11/10 03:00:00   -6.970   1.758  1005.60   5.589   2.516 0.556 1.322e-09    0.00  256.89
2019/11/10 06:00:00   -8.451   1.841  1002.05   5.264   2.901 1.000 5.116e-09    0.00  276.40
2019/11/10 09:00:00  -10.177   3.664   997.70   5.615   2.439 1.000 1.378e-08    0.00  313.24
2019/11/10 12:00:00  -12.838  -2.617   994.63   5.712   2.289 1.000 9.036e-10   16.05  295.92
2019/11/10 15:00:00  -13.904  -2.802   991.62   6.137   1.991 1.000 1.875e-09   26.54  292.12
2019/11/10 18:00:00  -14.315  -2.192   990.36   6.364   1.843 1.000 9.217e-10    0.00  291.10
2019/11/10 21:00:00  -15.242  -2.185   989.27   6.192   1.694 1.000 1.163e-08    0.00  310.28
2019/11/11 00:00:00  -15.219  -3.996   989.37   5.809   2.188 1.000 1.043e-07    0.00  310.29
2019/11/11 03:00:00  -14.693  -6.376   988.21   5.831   2.366 1.000 8.550e-09    0.00  312.91
2019/11/11 06:00:00  -16.832  -6.203   987.78   5.452   2.235 1.000 1.837e-08    0.00  303.55
2019/11/11 09:00:00  -15.525  -0.380   989.86   5.654   2.806 1.000 2.082e-08    0.00  310.31
2019/11/11 12:00:00  -12.396   1.227   992.80   5.834   2.669 1.000 9.440e-09   14.82  312.01
2019/11/11 15:00:00  -10.281   2.194   994.89   5.725   2.711 0.991 7.020e-09   33.10  299.84
2019/11/11 18:00:00   -9.676   2.950   996.70   5.605   2.833 0.989 4.077e-09    0.00  279.72
2019/11/11 21:00:00   -9.662   3.087   998.38   5.639   2.734 1.000 7.630e-09    0.00  297.37
2019/11/12 00:00:00   -8.974   0.959  1000.28   5.395   2.334 0.993 1.531e-08    0.00  297.20
2019/11/12 03:00:00   -6.693  -1.705  1000.04   5.023   2.202 0.999 1.905e-08    0.00  311.26
2019/11/12 06:00:00   -6.401  -0.862  1000.20   5.054   2.167 0.992 1.518e-08    0.00  303.00
2019/11/12 09:00:00   -3.807   0.536  1000.19   5.181   2.803 1.000 3.043e-08    0.00  309.86
2019/11/12 12:00:00   -3.997  -2.373  1000.80   4.425   1.688 1.000 2.658e-08    9.98  317.19
2019/11/12 15:00:00   -2.724   0.339  1000.26   4.944   2.159 0.985 6.316e-09   40.28  277.40
2019/11/12 18:00:00   -2.967   1.899  1000.25   4.931   2.246 0.903 5.746e-09    0.00  269.76
2019/11/12 21:00:00   -4.406   1.504  1001.23   4.559   2.584 0.761 1.242e-08    0.00  276.82
2019/11/13 00:00:00   -6.253  -0.111  1002.40   4.308   2.589 0.815 3.355e-09    0.00  272.95
2019/11/13 03:00:00   -5.807  -0.352  1003.67   4.144   2.439 0.735 2.193e-08    0.00  267.07
2019/11/13 06:00:00   -5.429  -2.323  1006.08   4.109   1.961 0.517 1.689e-08    0.00  267.14
2019/11/13 09:00:00   -4.685  -3.650  1008.20   4.315   1.077 0.237 4.100e-09    0.00  255.00
2019/11/13 12:00:00   -4.179  -5.136  1010.45   4.299   0.586 0.219 3.922e-11   25.11  252.04
2019/11/13 15:00:00   -4.813  -4.707  1012.36   4.067   0.392 0.199 0.000e+00   60.30  234.04
2019/11/13 18:00:00   -3.502  -3.359  1014.54   3.994   0.139 0.146 0.000e+00    0.00  233.98
2019/11/13 21:00:00   -3.155  -2.676  1016.53   3.791   0.381 0.005 0.000e+00    0.00  247.52
2019/11/14 00:00:00   -2.073  -2.472  1018.21   3.726   0.208 0.122 0.000e+00    0.00  248.35
2019/11/14 03:00:00   -1.152  -2.180  1019.21   3.523   0.519 0.169 0.000e+00    0.00  238.31
2019/11/14 06:00:00   -1.954  -1.980  1020.65   3.594   0.614 0.438 0.000e+00    0.00  244.99
2019/11/14 09:00:00   -2.052  -1.011  1021.93   4.021   0.540 0.509 0.000e+00    0.00  269.02
2019/11/14 12:00:00   -3.342  -1.085  1022.36   4.058   0.876 1.000 0.000e+00   20.96  264.52
2019/11/14 15:00:00   -4.460   2.319  1021.02   5.059   1.030 1.000 1.569e-10   35.84  275.55
2019/11/14 18:00:00   -7.199   7.273  1017.58   5.606   1.766 1.000 1.084e-09    0.00  308.71
2019/11/14 21:00:00  -10.303   8.507  1014.42   5.119   2.380 1.000 2.982e-09    0.00  312.14
2019/11/15 00:00:00  -12.567   9.205  1008.72   5.026   1.920 1.000 4.528e-08    0.00  319.54
2019/11/15 03:00:00  -13.323  10.949  1002.45   3.698   2.556 1.000 2.529e-07    0.00  321.00
2019/11/15 06:00:00   -4.719  14.163   997.30   6.348   3.913 1.000 1.729e-07    0.00  330.29
2019/11/15 09:00:00    4.702   6.151   997.40   6.032   1.410 0.989 4.977e-09    0.00  301.92
2019/11/15 12:00:00    5.721   6.264   997.98   5.610   1.451 0.527 9.374e-09   18.53  264.34
2019/11/15 15:00:00    6.952   6.032   998.17   5.488  -0.111 0.693 3.717e-09   46.50  253.82
2019/11/15 18:00:00    4.480   5.292   998.25   5.025  -1.775 0.671 1.813e-08    0.00  250.96
2019/11/15 21:00:00    3.681   5.086   998.17   4.158  -1.363 0.661 7.642e-09    0.00  258.09
2019/11/16 00:00:00    1.914   3.256   997.37   3.320  -0.324 0.647 4.890e-09    0.00  247.85
2019/11/16 03:00:00   -0.751   3.148   996.14   3.423   0.026 0.473 3.768e-09    0.00  254.15
2019/11/16 06:00:00    1.115   0.550   995.43   3.164  -0.265 0.418 1.143e-08    0.00  263.54
2019/11/16 09:00:00   -0.321  -2.114   995.89   3.062   0.048 0.146 2.842e-10    0.00  233.08
2019/11/16 12:00:00    0.375  -1.517   996.21   2.735  -0.791 0.265 1.961e-10   17.52  236.10
2019/11/16 15:00:00    1.604  -0.157   996.85   2.601  -0.723 0.634 3.260e-09   44.40  240.88
2019/11/16 18:00:00    2.087   0.797   998.11   2.419  -0.920 0.935 2.731e-09    0.00  244.04
2019/11/16 21:00:00    2.819   0.586   999.80   2.103  -0.286 0.835 6.028e-09    0.00  249.93
2019/11/17 00:00:00    2.228  -0.960  1002.18   1.997   0.341 0.677 6.754e-09    0.00  239.49
2019/11/17 03:00:00    3.168  -3.175  1004.34   1.999  -0.271 0.325 5.879e-10    0.00  240.08
2019/11/17 06:00:00    2.870  -2.665  1007.23   1.879  -0.473 0.210 7.089e-10    0.00  230.37
2019/11/17 09:00:00    3.651  -1.902  1010.83   1.629  -0.724 0.517 8.830e-11    0.00  239.18
2019/11/17 12:00:00    0.453  -2.313  1012.91   1.058  -2.223 0.453 0.000e+00   15.37  230.30
2019/11/17 15:00:00   -1.466  -1.852  1013.76   1.160  -2.780 1.000 0.000e+00   42.18  239.94
2019/11/17 18:00:00   -3.381  -0.632  1014.28   1.876  -2.979 1.000 8.830e-11    0.00  261.88
2019/11/17 21:00:00   -5.711  -0.722  1014.13   2.628  -2.025 1.000 7.823e-10    0.00  265.17
2019/11/18 00:00:00   -8.371  -1.000  1013.10   3.774  -0.658 1.000 3.633e-09    0.00  262.69
2019/11/18 03:00:00  -10.165   1.394  1011.90   3.991   0.079 1.000 8.011e-09    0.00  294.38
2019/11/18 06:00:00  -10.387  -0.556  1010.17   4.032  -0.843 1.000 0.000e+00    0.00  274.53
2019/11/18 09:00:00  -11.374  -1.666  1009.49   4.502  -0.798 1.000 0.000e+00    0.00  288.92
2019/11/18 12:00:00  -10.594  -3.027  1008.91   4.686  -0.357 1.000 0.000e+00    6.75  292.45
2019/11/18 15:00:00  -10.484  -4.597  1006.64   4.685  -0.503 1.000 0.000e+00   24.34  274.73
2019/11/18 18:00:00  -11.322  -4.546  1006.41   4.749   0.152 1.000 3.484e-09    0.00  292.28
2019/11/18 21:00:00  -12.146  -4.686  1006.54   4.702   0.475 1.000 4.573e-08    0.00  308.01
2019/11/19 00:00:00  -11.185  -6.148  1007.01   4.667   1.384 1.000 6.059e-08    0.00  316.63
2019/11/19 03:00:00  -12.539  -3.831  1006.64   4.973   1.885 1.000 4.882e-08    0.00  317.52
2019/11/19 06:00:00  -10.883  -4.674  1006.94   5.037   2.106 1.000 3.746e-08    0.00  315.13
2019/11/19 09:00:00   -9.367  -6.342  1007.14   4.435   2.630 1.000 1.180e-08    0.00  313.66
2019/11/19 12:00:00   -9.250  -5.184  1006.21   4.279   2.211 1.000 3.916e-08    3.59  313.86
2019/11/19 15:00:00  -10.104  -0.900  1006.12   5.230   1.886 1.000 2.157e-08    8.53  318.58
2019/11/19 18:00:00   -8.319   1.741  1006.90   5.348   2.437 1.000 1.834e-08    0.00  324.87
2019/11/19 21:00:00   -8.021   0.722  1008.05   5.078   2.672 1.000 9.144e-09    0.00  316.91
2019/11/20 00:00:00   -5.530  -0.573  1008.59   4.661   2.527 1.000 2.707e-08    0.00  322.62
2019/11/20 03:00:00   -4.056  -2.880  1008.19   3.964   2.457 1.000 2.645e-08    0.00  323.98
2019/11/20 06:00:00   -4.763  -4.584  1007.13   3.938   2.627 1.000 7.471e-09    0.00  306.31
2019/11/20 09:00:00   -5.476  -5.147  1006.61   4.050   2.648 1.000 4.964e-09    0.00  304.31
2019/11/20 12:00:00   -6.794  -6.962  1005.93   4.150   2.102 1.000 4.415e-10    4.93  301.08
2019/11/20 15:00:00   -7.509  -6.419  1005.22   4.051   1.849 1.000 1.815e-09   16.67  300.40
2019/11/20 18:00:00   -7.269  -5.715  1004.51   4.057   1.979 0.997 1.231e-09    0.00  291.02
2019/11/20 21:00:00   -6.700  -4.355  1004.84   4.413   2.134 0.998 4.672e-09    0.00  305.25
2019/11/21 00:00:00   -8.295  -4.913  1005.08   4.640   2.637 0.991 9.786e-09    0.00  310.01
2019/11/21 03:00:00   -7.813  -1.985  1004.70   5.064   3.039 0.993 1.521e-08    0.00  312.64
2019/11/21 06:00:00   -7.829  -1.671  1004.57   5.190   3.024 0.926 4.239e-09    0.00  302.96
2019/11/21 09:00:00   -8.330  -4.037  1005.23   5.009   3.044 0.943 2.458e-12    0.00  272.59
2019/11/21 12:00:00   -9.250  -6.865  1005.51   4.565   2.469 1.000 3.492e-11    5.75  266.52
2019/11/21 15:00:00   -9.263  -8.687  1004.60   3.970   2.378 0.987 4.418e-09   17.02  275.83
2019/11/21 18:00:00   -7.828 -10.555  1003.82   2.990   1.880 1.000 1.086e-08    0.00  306.11
2019/11/21 21:00:00   -8.009 -10.941  1002.92   3.580   2.258 1.000 2.059e-08    0.00  317.74
2019/11/22 00:00:00   -6.342 -10.929  1001.77   2.324   1.854 1.000 1.029e-07    0.00  321.48
2019/11/22 03:00:00   -3.738  -4.569  1000.49   3.198   2.399 0.998 4.615e-08    0.00  321.49
2019/11/22 06:00:00   -0.846   1.030  1000.54   4.708   2.894 1.000 4.834e-08    0.00  309.15
2019/11/22 09:00:00   -2.469  -1.223  1001.76   4.894   3.343 1.000 1.290e-09    0.00  322.59
2019/11/22 12:00:00   -4.302  -2.639  1003.32   4.976   3.550 0.948 1.371e-09    2.44  321.00
2019/11/22 15:00:00   -2.913  -1.570  1004.23   4.885   3.628 0.974 1.241e-09   11.24  323.38
2019/11/22 18:00:00   -1.998  -1.796  1006.33   4.831   3.485 1.000 1.277e-09    0.00  319.44
2019/11/22 21:00:00   -2.586  -2.049  1008.59   4.864   3.336 1.000 2.223e-09    0.00  316.19
2019/11/23 00:00:00   -4.095   0.392  1010.35   5.066   3.819 0.992 1.654e-09    0.00  321.73
2019/11/23 03:00:00   -4.934  -1.506  1011.85   4.910   3.684 0.953 3.058e-09    0.00  315.41
2019/11/23 06:00:00   -6.621  -4.084  1013.38   4.138   3.222 0.997 4.734e-09    0.00  312.11
2019/11/23 09:00:00   -8.747  -5.151  1014.98   3.627   2.641 0.998 1.280e-08    0.00  322.18
2019/11/23 12:00:00  -10.120  -6.596  1016.98   3.693   2.594 1.000 3.880e-09    1.49  318.63
2019/11/23 15:00:00   -9.885  -5.941  1017.18   3.392   2.020 0.997 2.069e-09    9.91  313.00
2019/11/23 18:00:00   -8.052  -6.779  1018.10   2.949   1.530 0.983 4.108e-09    0.00  317.17
2019/11/23 21:00:00   -7.066  -7.609  1019.28   2.548   0.697 0.969 2.407e-10    0.00  315.00
2019/11/24 00:00:00   -6.267  -8.245  1019.78   2.292   0.415 1.000 7.968e-11    0.00  296.54
2019/11/24 03:00:00   -6.880  -6.106  1019.45   1.875  -0.019 1.000 2.836e-10    0.00  298.94
2019/11/24 06:00:00   -5.860  -5.731  1019.46   1.645  -0.542 0.989 7.023e-11    0.00  287.87
2019/11/24 09:00:00   -5.255  -6.629  1020.52   1.634  -0.826 0.964 1.932e-10    0.00  287.94
2019/11/24 12:00:00   -4.981  -6.392  1021.05   1.311  -0.971 1.000 7.106e-11    2.57  269.56
2019/11/24 15:00:00   -4.654  -6.534  1020.61   1.416  -0.895 1.000 1.943e-10   16.64  281.35
2019/11/24 18:00:00   -4.181  -6.834  1020.46   1.870  -0.048 1.000 3.492e-11    0.00  283.81
2019/11/24 21:00:00   -3.554  -7.110  1020.57   2.408   0.669 0.980 9.178e-10    0.00  304.30
2019/11/25 00:00:00   -2.970  -7.402  1020.29   1.335  -0.190 0.999 6.892e-10    0.00  309.20
2019/11/25 03:00:00   -2.469  -6.679  1019.80   1.168  -0.203 0.988 5.802e-10    0.00  309.04
2019/11/25 06:00:00   -2.430  -7.156  1019.73   1.013  -0.310 0.972 4.065e-10    0.00  287.35
2019/11/25 09:00:00   -3.036  -6.178  1019.90   0.979  -0.312 0.991 4.610e-10    0.00  305.57
2019/11/25 12:00:00   -3.061  -7.491  1020.70   1.971   0.498 0.980 1.351e-09    1.09  315.80
2019/11/25 15:00:00   -4.141  -7.915  1020.83   1.915   0.639 0.958 1.093e-09    9.34  315.71
2019/11/25 18:00:00   -4.929  -7.671  1021.25   2.112   0.782 0.991 3.902e-10    0.00  290.59
2019/11/25 21:00:00   -5.136  -7.597  1022.15   2.264   1.114 0.991 1.083e-09    0.00  311.15
2019/11/26 00:00:00   -4.560  -8.057  1022.07   2.265   1.275 0.861 1.722e-09    0.00  314.51
2019/11/26 03:00:00   -5.181  -6.029  1021.63   2.366   1.260 0.689 8.106e-10    0.00  308.99
2019/11/26 06:00:00   -3.961  -5.674  1021.32   2.374   1.282 0.345 2.460e-10    0.00  303.18
2019/11/26 09:00:00   -3.597  -4.961  1020.50   2.243   1.083 0.286 7.085e-11    0.00  265.14
2019/11/26 12:00:00   -2.067  -3.819  1019.87   3.340   0.932 0.803 8.919e-11    1.61  271.48
2019/11/26 15:00:00   -0.132  -3.578  1019.18   2.880   0.101 0.914 5.216e-11   14.95  283.43
2019/11/26 18:00:00   -0.293  -2.949  1018.98   2.572  -0.472 0.744 0.000e+00    0.00  266.09
2019/11/26 21:00:00   -0.359  -2.802  1019.27   2.409  -0.950 0.502 0.000e+00    0.00  272.38
2019/11/27 00:00:00   -0.934  -3.865  1019.55   2.114  -1.444 0.264 0.000e+00    0.00  257.98
2019/11/27 03:00:00   -2.251  -3.398  1019.41   2.299  -1.565 0.260 0.000e+00    0.00  242.94
2019/11/27 06:00:00   -2.671  -2.396  1019.52   2.520  -0.883 0.143 0.000e+00    0.00  241.21
2019/11/27 09:00:00   -1.954  -1.702  1019.28   2.622  -0.502 0.032 0.000e+00    0.00  233.81
2019/11/27 12:00:00   -2.239  -2.800  1019.45   2.710   0.285 0.103 0.000e+00    1.18  236.99
2019/11/27 15:00:00   -2.313  -2.946  1018.69   1.899   0.731 0.065 0.000e+00   17.19  259.18
2019/11/27 18:00:00   -1.638  -2.260  1018.62   1.913   0.835 0.136 0.000e+00    0.00  256.04
2019/11/27 21:00:00   -0.306  -1.676  1017.74   1.706   0.876 0.749 0.000e+00    0.00  264.38
2019/11/28 00:00:00    1.545  -0.876  1017.01   1.699   0.735 0.924 4.326e-11    0.00  275.91
2019/11/28 03:00:00    3.587   1.729  1015.50   2.903   0.242 0.952 0.000e+00    0.00  268.59
2019/11/28 06:00:00    4.782   2.719  1014.35   4.014  -0.319 0.374 0.000e+00    0.00  256.76
2019/11/28 09:00:00    5.459   2.212  1013.99   4.098  -0.794 0.193 0.000e+00    0.00  257.47
2019/11/28 12:00:00    5.362   0.458  1014.38   4.205  -0.003 0.659 0.000e+00    0.55  266.35
2019/11/28 15:00:00    4.204  -1.628  1014.74   3.827   0.134 0.954 3.699e-09    6.78  308.19
2019/11/28 18:00:00    0.618  -2.270  1015.60   3.593   0.082 0.976 6.738e-09    0.00  309.29
2019/11/28 21:00:00   -1.062  -1.627  1016.34   3.290  -0.045 0.962 4.244e-09    0.00  309.41
2019/11/29 00:00:00   -1.193  -0.939  1016.75   2.634   0.061 0.974 5.264e-09    0.00  306.57
2019/11/29 03:00:00   -1.434  -1.213  1016.85   2.436  -0.099 0.921 1.069e-08    0.00  299.16
2019/11/29 06:00:00   -2.842  -3.034  1016.98   1.594  -0.622 0.953 9.337e-09    0.00  303.12
2019/11/29 09:00:00   -1.722  -4.349  1017.68   1.098  -1.206 0.950 4.552e-09    0.00  306.89
2019/11/29 12:00:00   -3.111  -6.848  1019.32  -0.027  -2.190 0.979 2.087e-09    0.17  283.30
2019/11/29 15:00:00   -0.839  -5.152  1019.63  -0.691  -3.422 0.989 4.299e-10    7.78  277.76
2019/11/29 18:00:00    0.413  -4.875  1020.06  -1.147  -5.189 0.986 1.262e-10    0.00  289.55
2019/11/29 21:00:00    0.966  -4.143  1020.33  -1.342  -5.657 0.947 6.717e-10    0.00  286.60
2019/11/30 00:00:00   -0.451  -2.702  1019.83  -1.533  -4.974 0.907 1.523e-10    0.00  275.99
2019/11/30 03:00:00    1.860  -0.486  1019.40  -0.825  -5.517 0.603 8.742e-11    0.00  271.27
2019/11/30 06:00:00    4.772   0.437  1017.95   0.737  -4.325 0.993 0.000e+00    0.00  258.68
2019/11/30 09:00:00    6.544   1.278  1017.36   2.383  -2.405 0.925 2.836e-09    0.00  297.39
2019/11/30 12:00:00    2.766   3.330  1016.67   3.921  -1.800 0.552 1.299e-10    0.13  279.16
2019/11/30 15:00:00    6.831   5.949  1015.95   4.037   1.511 0.893 3.440e-08    8.93  283.56
2019/11/30 18:00:00    7.195  -1.261  1016.37   3.834   0.702 0.873 4.112e-09    0.00  275.63
2019/11/30 21:00:00    6.780  -0.768  1017.29   3.420  -1.027 1.000 4.444e-09    0.00  275.75
2019/12/01 00:00:00    6.865   0.814  1018.43   2.672  -2.850 0.987 1.191e-10    0.00  298.36
2019/12/01 03:00:00    5.166   0.373  1018.92   2.616  -3.011 1.000 0.000e+00    0.00  290.17
2019/12/01 06:00:00    0.829  -0.420  1018.27   3.003  -3.054 1.000 6.145e-13    0.00  281.16
2019/12/01 09:00:00   -5.430   2.211  1017.22   3.438  -1.029 1.000 1.278e-08    0.00  307.86
2019/12/01 12:00:00   -8.113   2.410  1015.28   5.722   3.027 1.000 6.609e-08    0.01  322.01
2019/12/01 15:00:00   -6.543   7.650  1011.42   6.006   3.773 1.000 6.606e-08    1.80  331.06
2019/12/01 18:00:00   -9.300   8.485  1006.53   6.499   4.179 1.000 3.520e-08    0.00  333.74
2019/12/01 21:00:00   -6.265  10.855  1002.01   7.292   6.317 1.000 3.758e-08    0.00  340.12
2019/12/02 00:00:00    8.203   7.335  1001.69   7.248   6.515 1.000 5.583e-09    0.00  349.29
2019/12/02 03:00:00    5.076   6.183  1000.90   6.817   5.844 1.000 1.232e-10    0.00  336.77
2019/12/02 06:00:00    1.716   7.396   999.15   6.827   5.900 1.000 1.514e-09    0.00  339.23
2019/12/02 09:00:00   -1.715   6.919   995.06   6.776   6.161 1.000 4.739e-08    0.00  338.15
2019/12/02 12:00:00   -7.029   5.237   987.15   6.703   6.387 1.000 3.015e-07    0.00  343.76
2019/12/02 15:00:00    2.696  11.156   980.18   7.410   6.906 1.000 1.236e-07    1.67  349.33
2019/12/02 18:00:00    3.074  12.103   977.50   7.546   6.888 1.000 3.558e-08    0.00  349.55
2019/12/02 21:00:00    1.317  14.970   975.23   7.839   6.975 1.000 7.121e-08    0.00  349.59
2019/12/03 00:00:00    2.918  13.452   973.11   7.716   5.778 0.996 1.347e-08    0.00  327.70
2019/12/03 03:00:00    1.716  12.159   972.33   7.272   6.084 1.000 4.267e-09    0.00  343.90
2019/12/03 06:00:00    5.399  12.053   972.14   6.488   4.367 1.000 1.104e-08    0.00  339.01
2019/12/03 09:00:00    3.822  12.137   972.16   5.640   3.057 0.470 2.051e-08    0.00  312.06
2019/12/03 12:00:00    4.363  10.809   972.65   5.680   3.223 0.599 3.865e-09    0.00  272.63
2019/12/03 15:00:00    3.650   9.224   971.77   4.682   0.773 1.000 1.021e-09    5.60  282.91
2019/12/03 18:00:00    4.745   7.223   970.97   4.199   0.692 1.000 1.053e-09    0.00  281.08
2019/12/03 21:00:00    5.597   5.202   970.63   3.604   0.378 0.518 5.035e-09    0.00  277.89
2019/12/04 00:00:00    7.232   6.520   971.57   3.362  -2.851 0.429 4.053e-09    0.00  250.89
2019/12/04 03:00:00    3.009   9.770   971.10   3.288  -5.175 0.513 5.617e-09    0.00  239.78
2019/12/04 06:00:00   -0.203  10.889   969.64   2.977  -7.533 0.758 1.384e-08    0.00  244.07
2019/12/04 09:00:00   -1.299   7.429   969.42   1.916  -6.631 0.840 1.477e-08    0.00  250.62
2019/12/04 12:00:00   -2.577   3.611   969.62   1.361  -7.497 0.597 1.719e-09    0.00  246.23
2019/12/04 15:00:00   -2.931   3.021   969.35   1.299  -7.137 0.029 1.763e-09    8.79  217.51
2019/12/04 18:00:00   -2.925  -0.030   971.23   1.460  -7.313 0.233 7.536e-10    0.00  217.40
2019/12/04 21:00:00   -1.082  -2.532   973.98   1.432  -6.313 0.078 1.614e-10    0.00  219.12
2019/12/05 00:00:00    1.216  -2.967   976.71   1.469  -5.683 0.128 8.276e-10    0.00  218.55
2019/12/05 03:00:00   -1.149  -4.555   979.89   0.674  -2.938 0.387 7.988e-12    0.00  227.47
2019/12/05 06:00:00   -1.573  -3.722   983.24   0.063  -1.682 0.570 5.087e-10    0.00  255.73
2019/12/05 09:00:00   -5.975  -7.437   986.52   0.245  -2.152 0.863 9.829e-09    0.00  269.66
2019/12/05 12:00:00   -9.446  -5.858   988.20   0.375  -2.695 0.908 1.238e-08    0.00  266.94
2019/12/05 15:00:00  -10.153  -5.495   989.20   0.624  -2.959 1.000 2.448e-08    4.19  284.35
2019/12/05 18:00:00  -10.101  -6.055   991.10   0.742  -3.584 0.998 1.115e-08    0.00  281.42
2019/12/05 21:00:00  -10.548  -5.589   992.90   0.656  -4.634 0.993 5.648e-09    0.00  275.68
2019/12/06 00:00:00   -8.958  -5.118   994.50   0.923  -3.159 0.906 2.508e-09    0.00  263.34
2019/12/06 03:00:00   -7.196  -3.914   996.33   0.960  -4.361 0.328 2.199e-10    0.00  240.35
2019/12/06 06:00:00   -6.150  -2.950   998.03   0.990  -5.091 0.140 0.000e+00    0.00  228.10
2019/12/06 09:00:00   -5.908  -0.919   999.06   1.441  -5.344 0.165 0.000e+00    0.00  216.33
2019/12/06 12:00:00   -6.501   0.430  1000.08   1.886  -6.757 0.297 0.000e+00    0.00  216.05
2019/12/06 15:00:00   -6.455   2.932   999.70   2.262  -6.957 0.500 0.000e+00    6.79  218.58
2019/12/06 18:00:00   -5.233   4.652  1000.56   2.427  -6.867 0.515 0.000e+00    0.00  232.34
2019/12/06 21:00:00   -5.459   4.548  1000.61   2.446  -6.014 0.388 6.280e-10    0.00  231.71
2019/12/07 00:00:00   -6.097   4.957  1000.20   1.877  -4.590 0.366 7.229e-11    0.00  241.05
2019/12/07 03:00:00   -7.086   2.939   999.82   1.733  -4.678 0.481 0.000e+00    0.00  222.57
2019/12/07 06:00:00   -9.790  -1.826   999.53   1.895  -5.066 0.334 3.492e-11    0.00  220.90
2019/12/07 09:00:00  -11.960  -3.342   998.60   1.491  -4.041 0.563 9.631e-11    0.00  238.59
2019/12/07 12:00:00  -12.035  -6.957   998.29   0.989  -3.263 0.141 4.823e-09    0.00  223.13
2019/12/07 15:00:00  -11.733 -10.447   997.62  -0.770  -3.320 0.485 1.614e-09    5.60  220.01
2019/12/07 18:00:00  -10.575 -13.911   997.85  -0.756  -4.471 0.715 7.589e-09    0.00  267.15
2019/12/07 21:00:00   -8.759 -14.789   997.52  -1.621  -2.724 0.839 7.519e-09    0.00  234.75
2019/12/08 00:00:00   -9.042 -14.299   998.25  -1.821  -3.169 0.844 4.994e-09    0.00  259.85
2019/12/08 03:00:00   -8.500 -14.012   999.83  -2.874  -5.166 0.929 1.371e-09    0.00  258.21
2019/12/08 06:00:00   -9.308 -13.203  1002.00  -2.542  -5.325 0.982 4.189e-09    0.00  273.72
2019/12/08 09:00:00   -7.764 -11.668  1004.16  -2.289  -5.067 0.697 3.573e-09    0.00  249.28
2019/12/08 12:00:00   -5.919  -9.075  1005.91  -1.793  -4.949 0.393 3.384e-10    0.00  231.60
2019/12/08 15:00:00   -4.229  -6.412  1006.81  -1.589  -6.079 0.119 0.000e+00    4.90  212.66
2019/12/08 18:00:00   -2.616  -4.120  1007.65  -1.208  -7.015 0.007 0.000e+00    0.00  209.39
2019/12/08 21:00:00   -3.145  -1.660  1006.93  -0.877  -8.311 0.000 0.000e+00    0.00  205.53
2019/12/09 00:00:00   -2.931  -1.116  1006.10  -0.736  -9.471 0.123 0.000e+00    0.00  210.49
2019/12/09 03:00:00   -5.553  -1.744  1004.83  -0.049  -7.656 0.291 3.492e-11    0.00  220.05
2019/12/09 06:00:00   -8.814  -2.975  1002.08   0.753  -6.321 0.994 2.792e-09    0.00  239.82
2019/12/09 09:00:00  -12.492  -6.721   998.91   0.706  -4.392 1.000 1.303e-08    0.00  268.92
2019/12/09 12:00:00  -13.024 -12.170   996.37  -0.360  -3.067 1.000 7.216e-09    0.00  277.41
2019/12/09 15:00:00  -13.983 -11.934   992.65  -0.391  -3.525 1.000 2.922e-08    1.74  287.97
2019/12/09 18:00:00  -13.551 -13.423   990.47  -0.505  -3.746 1.000 3.664e-08    0.00  293.85
2019/12/09 21:00:00  -11.566 -15.722   989.04  -1.500  -3.946 1.000 4.233e-08    0.00  293.10
2019/12/10 00:00:00   -9.373 -17.329   987.69  -3.046  -5.205 1.000 4.154e-08    0.00  292.83
2019/12/10 03:00:00   -7.844 -17.920   985.60  -3.080  -5.194 1.000 5.286e-08    0.00  290.97
2019/12/10 06:00:00  -10.137 -18.049   983.85  -2.593  -4.583 1.000 3.715e-08    0.00  289.57
2019/12/10 09:00:00  -11.969 -16.893   984.93  -2.134  -4.243 1.000 1.461e-08    0.00  288.33
2019/12/10 12:00:00  -10.493 -16.371   985.72  -2.017  -4.391 1.000 6.244e-09    0.00  289.74
2019/12/10 15:00:00   -6.746 -16.200   987.16  -2.358  -5.212 1.000 1.451e-09    1.63  283.24
2019/12/10 18:00:00   -5.257 -18.761   988.76  -2.315  -5.628 0.999 5.095e-10    0.00  238.12
2019/12/10 21:00:00   -3.221 -17.691   990.75  -2.192  -6.762 1.000 3.553e-11    0.00  228.47
2019/12/11 00:00:00   -5.643 -15.359   991.85  -1.880  -7.635 1.000 0.000e+00    0.00  217.28
2019/12/11 03:00:00   -5.577 -13.161   993.60  -1.564  -7.341 1.000 3.492e-11    0.00  209.76
2019/12/11 06:00:00   -7.783 -12.668   994.82  -1.729  -7.173 0.999 0.000e+00    0.00  205.85
2019/12/11 09:00:00   -8.758 -10.908   995.64  -1.773  -6.804 0.998 0.000e+00    0.00  218.12
2019/12/11 12:00:00  -10.791  -9.324   996.18  -1.833  -6.958 0.444 5.771e-10    0.00  223.68
2019/12/11 15:00:00   -8.757  -8.422   996.12  -2.093  -7.277 0.100 3.492e-11    3.06  207.15
2019/12/11 18:00:00   -9.493  -9.402   996.06  -2.466  -7.424 0.314 8.729e-11    0.00  220.56
2019/12/11 21:00:00   -9.636  -9.823   996.17  -2.469  -7.544 0.438 2.476e-09    0.00  203.92
2019/12/12 00:00:00   -9.448 -10.265   995.00  -2.446  -6.411 0.417 2.467e-09    0.00  206.44
2019/12/12 03:00:00  -10.310 -10.867   994.81  -2.801  -5.508 0.471 3.735e-09    0.00  215.55
2019/12/12 06:00:00  -11.036  -9.621   995.18  -2.799  -6.895 0.582 5.299e-09    0.00  211.23
2019/12/12 09:00:00  -11.233 -10.038   995.31  -2.534  -6.857 0.683 1.045e-08    0.00  236.70
2019/12/12 12:00:00   -9.738 -11.375   995.87  -2.667  -5.355 0.698 8.496e-09    0.00  224.55
2019/12/12 15:00:00   -8.755 -10.566   996.01  -3.086  -5.978 0.670 1.718e-09    2.48  213.17
2019/12/12 18:00:00   -7.958  -8.994   996.11  -3.339  -6.835 0.619 8.326e-10    0.00  216.32
2019/12/12 21:00:00   -7.515  -6.790   996.22  -3.483  -7.888 0.600 9.019e-10    0.00  230.78
2019/12/13 00:00:00   -6.289  -6.060   996.15  -3.253  -8.914 0.819 2.030e-09    0.00  243.34
2019/12/13 03:00:00   -6.197  -4.207   994.88  -3.226  -9.254 0.997 5.116e-09    0.00  249.74
2019/12/13 06:00:00   -5.496  -4.125   994.20  -3.288 -10.100 1.000 3.003e-09    0.00  257.49
2019/12/13 09:00:00   -6.561  -4.427   994.06  -3.400 -10.120 1.000 5.558e-09    0.00  271.80
2019/12/13 12:00:00   -6.825  -4.665   993.22  -3.167  -9.943 0.993 6.416e-09    0.00  266.00
2019/12/13 15:00:00   -7.401  -4.389   992.54  -3.532 -10.125 1.000 5.495e-09    0.97  261.84
2019/12/13 18:00:00   -7.516  -5.676   992.68  -3.901 -10.276 0.997 2.879e-09    0.00  252.82
2019/12/13 21:00:00   -6.205  -6.473   993.00  -4.352 -10.200 0.988 2.514e-09    0.00  253.47
2019/12/14 00:00:00   -4.946  -5.806   992.27  -3.919  -9.609 0.996 3.265e-09    0.00  248.25
2019/12/14 03:00:00   -3.655  -5.166   992.02  -4.119  -9.283 0.949 3.009e-09    0.00  237.93
2019/12/14 06:00:00   -2.480  -5.505   992.02  -4.309  -8.925 0.820 1.239e-09    0.00  211.52
2019/12/14 09:00:00   -1.861  -6.555   992.73  -4.030  -9.084 0.303 1.459e-09    0.00  205.65
2019/12/14 12:00:00   -1.743  -6.254   993.46  -3.938  -9.388 0.108 5.299e-11    0.00  201.63
2019/12/14 15:00:00    0.303  -4.922   993.56  -3.627 -10.276 0.016 0.000e+00    1.97  199.43
2019/12/14 18:00:00    0.806  -5.398   994.95  -2.638 -10.077 0.054 0.000e+00    0.00  210.82
2019/12/14 21:00:00    1.945  -6.649   996.33  -1.315  -8.482 0.584 0.000e+00    0.00  203.71
2019/12/15 00:00:00    0.213  -9.591   997.69  -0.986  -5.786 0.973 2.103e-09    0.00  239.49
2019/12/15 03:00:00   -3.231 -12.014   998.74  -0.036  -3.370 0.730 1.116e-08    0.00  265.40
2019/12/15 06:00:00   -3.616 -13.524   999.69  -0.228  -3.503 0.295 3.564e-09    0.00  225.42
2019/12/15 09:00:00   -4.029 -12.938  1001.01  -0.522  -3.259 0.372 1.225e-09    0.00  223.07
2019/12/15 12:00:00   -3.943 -12.800  1002.72  -0.330  -3.824 0.479 4.372e-09    0.00  236.42
2019/12/15 15:00:00   -2.828 -14.446  1003.85  -0.722  -3.082 0.859 2.448e-08    1.23  267.12
2019/12/15 18:00:00   -2.626 -16.540  1004.52  -0.670  -3.165 1.000 4.325e-08    0.00  285.65
2019/12/15 21:00:00   -7.444 -14.945  1003.52   0.761  -1.117 1.000 7.785e-08    0.00  303.23
2019/12/16 00:00:00  -12.824 -13.223  1004.48   1.273  -0.475 1.000 4.290e-08    0.00  309.15
2019/12/16 03:00:00  -17.228 -13.206  1006.48   1.564  -0.681 0.999 2.068e-08    0.00  309.39
2019/12/16 06:00:00  -15.681 -10.728  1010.18   2.110  -0.829 0.993 1.609e-08    0.00  304.18
2019/12/16 09:00:00  -13.754 -10.258  1013.12   2.178  -1.873 1.000 3.152e-09    0.00  288.40
2019/12/16 12:00:00  -13.779  -8.697  1014.87   1.964  -3.035 0.999 3.890e-09    0.00  295.01
2019/12/16 15:00:00  -12.627  -8.168  1015.68   1.721  -3.647 0.960 1.352e-09    0.55  287.25
2019/12/16 18:00:00  -11.481  -8.612  1016.64   1.299  -3.997 0.977 8.830e-11    0.00  272.63
2019/12/16 21:00:00  -11.322  -8.007  1016.61   1.429  -4.026 0.938 7.023e-11    0.00  277.30
2019/12/17 00:00:00   -9.631  -8.813  1017.04   1.577  -3.474 0.783 1.238e-10    0.00  255.93
2019/12/17 03:00:00   -8.598  -8.241  1016.56   0.964  -3.333 0.565 4.415e-11    0.00  246.34
2019/12/17 06:00:00   -8.073  -7.123  1015.96   0.879  -3.964 0.398 0.000e+00    0.00  231.10
2019/12/17 09:00:00   -6.883  -7.324  1015.60   0.701  -4.110 0.339 1.746e-11    0.00  223.75
2019/12/17 12:00:00   -6.905  -8.426  1015.45   0.727  -3.735 0.645 0.000e+00    0.00  227.36
2019/12/17 15:00:00   -6.437  -8.696  1014.70   0.477  -3.336 0.404 0.000e+00    1.28  223.17
2019/12/17 18:00:00   -7.561  -8.768  1014.04   0.079  -2.489 0.482 3.683e-10    0.00  228.30
2019/12/17 21:00:00   -8.507  -8.394  1014.18   0.073  -2.792 0.715 1.496e-09    0.00  257.33
2019/12/18 00:00:00   -8.644 -10.535  1013.99   0.293  -2.164 0.566 7.031e-09    0.00  238.77
2019/12/18 03:00:00   -9.907 -10.580  1014.12  -0.178  -2.113 0.361 3.392e-09    0.00  244.90
2019/12/18 06:00:00  -11.325 -11.191  1013.84  -0.219  -2.862 0.500 1.087e-08    0.00  238.07
2019/12/18 09:00:00  -11.777 -11.423  1013.96  -0.022  -2.939 0.630 1.516e-08    0.00  245.68
2019/12/18 12:00:00  -10.953 -12.159  1014.42  -0.123  -2.087 0.958 1.466e-08    0.00  243.84
2019/12/18 15:00:00  -11.488 -12.047  1014.22  -0.463  -2.760 0.970 1.452e-08    0.94  241.43
2019/12/18 18:00:00  -12.756 -11.535  1014.45  -0.029  -3.407 0.971 2.217e-08    0.00  268.18
2019/12/18 21:00:00  -13.614 -10.516  1014.40   0.233  -3.152 0.834 1.844e-08    0.00  250.65
2019/12/19 00:00:00  -11.584 -12.706  1014.52   0.271  -2.551 0.650 1.869e-08    0.00  248.55
2019/12/19 03:00:00  -12.353 -11.396  1013.42  -0.010  -3.011 0.895 1.588e-08    0.00  249.60
2019/12/19 06:00:00  -13.083 -13.235  1012.92  -0.149  -3.349 0.950 1.111e-08    0.00  246.85
2019/12/19 09:00:00  -13.468 -12.506  1013.01  -0.152  -3.640 0.999 1.519e-08    0.00  267.38
2019/12/19 12:00:00  -11.457 -13.718  1012.68  -0.484  -3.453 0.971 1.272e-08    0.00  257.91
2019/12/19 15:00:00  -12.999 -12.009  1011.40  -0.480  -3.796 0.997 7.839e-09    0.79  264.11
2019/12/19 18:00:00  -13.113 -13.306  1010.07  -0.251  -4.078 0.985 7.528e-09    0.00  263.93
2019/12/19 21:00:00  -12.710 -13.130  1009.31   0.025  -4.255 0.963 2.122e-08    0.00  277.51
2019/12/20 00:00:00  -12.991 -13.162  1007.57   0.090  -4.209 0.782 2.500e-08    0.00  273.35
2019/12/20 03:00:00  -13.686 -11.450  1005.79   0.356  -4.467 0.700 3.247e-08    0.00  280.98
2019/12/20 06:00:00  -15.079 -11.760  1003.48   0.604  -4.664 0.986 2.688e-08    0.00  271.72
2019/12/20 09:00:00  -15.630 -11.359  1001.95   0.925  -4.132 1.000 2.415e-08    0.00  291.90
2019/12/20 12:00:00  -15.597 -11.218  1000.55   1.492  -2.871 1.000 1.990e-08    0.00  297.79
2019/12/20 15:00:00  -16.578  -9.824   999.26   1.740  -2.600 1.000 1.122e-08    0.47  296.33
2019/12/20 18:00:00  -16.008  -9.233   998.37   2.177  -3.286 1.000 7.864e-09    0.00  292.23
2019/12/20 21:00:00  -15.754  -9.693   998.61   2.073  -2.975 1.000 1.081e-08    0.00  290.66
2019/12/21 00:00:00  -15.467 -11.115   998.94   2.230  -1.769 0.987 4.872e-09    0.00  283.70
2019/12/21 03:00:00  -14.521 -10.651   998.77   1.808  -2.075 0.839 9.969e-10    0.00  247.97
2019/12/21 06:00:00  -13.794 -11.991   998.62   1.504  -2.058 0.813 1.038e-08    0.00  283.87
2019/12/21 09:00:00  -13.167 -12.118   999.40   1.787  -2.169 0.847 5.540e-09    0.00  268.63
2019/12/21 12:00:00  -12.913 -12.547   999.97   1.576  -2.677 0.985 6.311e-09    0.00  278.64
2019/12/21 15:00:00  -12.814 -11.113  1000.72   0.435  -3.657 0.952 2.171e-09    0.56  281.04
2019/12/21 18:00:00  -11.038 -12.203  1001.45  -0.152  -4.244 0.433 9.512e-10    0.00  284.60
2019/12/21 21:00:00  -10.463 -12.862  1002.05  -0.435  -4.476 0.681 3.749e-09    0.00  247.41
2019/12/22 00:00:00  -11.124 -13.268  1002.58  -0.759  -4.970 0.776 2.116e-09    0.00  272.98
2019/12/22 03:00:00  -11.883 -12.107  1002.77  -1.567  -6.328 0.939 2.327e-09    0.00  277.62
2019/12/22 06:00:00  -11.171 -12.351  1003.59  -2.452  -7.104 0.998 5.289e-09    0.00  281.43
2019/12/22 09:00:00  -10.205 -12.605  1004.46  -2.981  -7.470 1.000 6.191e-09    0.00  281.14
2019/12/22 12:00:00   -9.494 -12.784  1005.00  -2.683  -7.319 1.000 7.911e-09    0.00  281.23
2019/12/22 15:00:00   -9.041 -12.045  1005.20  -1.815  -6.374 1.000 1.080e-08    0.28  284.58
2019/12/22 18:00:00   -9.399 -12.420  1005.20  -1.258  -5.247 1.000 1.880e-08    0.00  290.84
2019/12/22 21:00:00   -9.365 -11.333  1006.11  -0.531  -5.275 1.000 1.456e-08    0.00  283.11
2019/12/23 00:00:00   -7.389 -11.439  1006.44  -0.691  -4.252 0.972 1.685e-09    0.00  283.26
2019/12/23 03:00:00   -7.580 -10.068  1006.28  -0.682  -4.904 0.995 1.214e-09    0.00  278.37
2019/12/23 06:00:00   -7.485 -11.349  1006.32  -0.637  -5.252 1.000 6.150e-09    0.00  286.54
2019/12/23 09:00:00   -6.708 -12.388  1006.27  -0.972  -3.678 1.000 5.512e-09    0.00  274.62
2019/12/23 12:00:00   -4.971 -12.477  1006.36  -0.827  -3.233 1.000 1.337e-08    0.00  292.12
2019/12/23 15:00:00   -7.055 -11.247  1006.21  -0.298  -2.922 0.994 7.392e-09    0.62  288.76
2019/12/23 18:00:00   -6.858  -9.676  1005.68  -0.058  -3.018 1.000 7.456e-09    0.00  284.66
2019/12/23 21:00:00   -4.692 -10.716  1005.97   0.065  -3.036 1.000 8.811e-09    0.00  290.53
2019/12/24 00:00:00   -5.952 -11.267  1005.31  -0.012  -1.746 0.975 4.391e-09    0.00  284.28
2019/12/24 03:00:00   -4.078 -11.498  1005.70  -0.250  -1.278 0.956 5.873e-09    0.00  285.17
2019/12/24 06:00:00   -0.242 -12.015  1006.37  -0.447  -1.366 1.000 2.365e-08    0.00  297.98
2019/12/24 09:00:00    0.282 -13.389  1006.31  -0.141  -1.313 0.993 2.546e-08    0.00  288.16
2019/12/24 12:00:00   -3.062 -12.455  1005.99  -0.173  -1.732 0.973 3.356e-08    0.00  302.57
2019/12/24 15:00:00   -8.169  -9.861  1006.36   1.022  -0.484 0.988 3.078e-08    0.41  307.95
2019/12/24 18:00:00   -7.394 -11.361  1008.10   1.039  -0.375 0.996 1.591e-08    0.00  278.77
2019/12/24 21:00:00   -5.396 -12.590  1009.74   0.972  -0.435 0.941 2.374e-08    0.00  303.01
2019/12/25 00:00:00   -2.201 -12.041  1011.18  -0.778  -2.018 0.998 1.270e-08    0.00  302.12
2019/12/25 03:00:00   -0.600 -12.420  1013.15  -1.059  -2.654 1.000 1.093e-08    0.00  300.28
2019/12/25 06:00:00   -0.513 -11.172  1015.23  -1.414  -3.266 1.000 8.593e-09    0.00  297.55
2019/12/25 09:00:00    0.422  -9.351  1017.26  -1.746  -4.199 0.999 8.555e-09    0.00  290.10
2019/12/25 12:00:00    0.453  -7.742  1019.15  -1.094  -5.312 0.989 4.666e-09    0.00  291.74
2019/12/25 15:00:00   -0.520  -4.974  1019.98  -0.974  -5.799 0.919 2.353e-09    0.67  283.39
2019/12/25 18:00:00   -2.649  -2.745  1020.40  -0.449  -6.194 0.954 1.959e-09    0.00  266.27
2019/12/25 21:00:00   -2.667  -2.885  1020.49   0.089  -5.957 0.753 1.332e-09    0.00  286.90
2019/12/26 00:00:00   -3.017  -3.995  1020.34   0.192  -4.125 0.847 3.522e-09    0.00  293.81
2019/12/26 03:00:00   -4.970  -4.213  1018.75   0.980  -3.220 0.956 2.940e-09    0.00  275.34
2019/12/26 06:00:00   -5.118  -4.729  1017.70   1.475  -2.149 1.000 6.060e-09    0.00  293.30
2019/12/26 09:00:00   -6.957  -4.683  1015.80   1.835  -1.710 1.000 3.414e-09    0.00  290.59
2019/12/26 12:00:00   -7.011  -7.894  1015.13   3.325  -1.520 1.000 3.289e-09    0.00  285.49
2019/12/26 15:00:00   -9.510  -7.103  1012.42   3.491  -0.932 1.000 2.070e-09    0.76  293.85
2019/12/26 18:00:00  -10.164  -7.693  1009.52   3.398  -0.424 1.000 1.072e-10    0.00  289.02
2019/12/26 21:00:00  -11.501 -10.396  1006.33   3.170   0.163 1.000 1.298e-09    0.00  300.83
2019/12/27 00:00:00  -12.124 -12.390  1002.07   2.828   0.401 1.000 2.287e-08    0.00  314.16
2019/12/27 03:00:00  -12.749 -12.830   997.03   2.542   1.065 1.000 6.916e-08    0.00  317.34
2019/12/27 06:00:00  -11.747 -12.261   992.88   1.864   1.186 1.000 1.615e-07    0.00  318.66
2019/12/27 09:00:00  -11.566 -11.487   989.93   2.538   1.541 1.000 6.814e-08    0.00  319.19
2019/12/27 12:00:00  -12.820 -11.708   988.56   1.402   0.077 1.000 3.764e-08    0.00  317.32
2019/12/27 15:00:00  -12.342 -12.038   987.17   0.379  -1.161 1.000 4.313e-08    0.38  313.04
2019/12/27 18:00:00  -12.292 -12.308   987.74  -0.284  -2.176 1.000 4.373e-08    0.00  306.66
2019/12/27 21:00:00  -13.563 -11.115   991.16  -0.069  -2.238 1.000 9.551e-08    0.00  304.69
2019/12/28 00:00:00  -14.193  -8.851   993.52  -0.524  -3.010 1.000 6.685e-08    0.00  300.73
2019/12/28 03:00:00  -17.356  -7.143   995.44  -0.648  -3.406 1.000 2.645e-08    0.00  297.87
2019/12/28 06:00:00  -17.417  -6.806   996.95  -0.355  -3.426 1.000 9.467e-09    0.00  298.40
2019/12/28 09:00:00  -16.615  -7.230   997.79  -0.078  -3.204 1.000 1.218e-08    0.00  302.68
2019/12/28 12:00:00  -15.602  -6.666   998.50   0.538  -2.504 1.000 3.042e-08    0.00  301.29
2019/12/28 15:00:00  -15.216  -4.999   999.12   0.621  -2.786 0.998 2.049e-08    0.69  302.42
2019/12/28 18:00:00  -13.795  -4.571   999.28   1.570  -2.402 1.000 2.144e-08    0.00  295.53
2019/12/28 21:00:00  -13.125  -5.671   999.45   1.972  -1.830 1.000 2.340e-08    0.00  299.41
2019/12/29 00:00:00  -13.229  -9.075   997.72   2.499  -0.876 0.990 8.170e-09    0.00  307.55
2019/12/29 03:00:00  -11.909 -10.709   995.63   1.869  -0.987 0.925 5.977e-09    0.00  301.91
2019/12/29 06:00:00  -10.805 -12.022   993.70   1.616  -1.589 0.930 5.670e-09    0.00  296.89
2019/12/29 09:00:00   -9.445 -12.086   993.02   1.516  -2.501 0.968 2.799e-09    0.00  291.21
2019/12/29 12:00:00   -6.775 -12.055   993.95   1.146  -2.627 0.989 1.619e-09    0.00  298.65
2019/12/29 15:00:00   -4.855 -10.424   995.09   0.274  -3.440 0.986 4.796e-10    1.51  289.30
2019/12/29 18:00:00   -2.388  -9.077   997.62  -0.612  -4.389 0.992 2.540e-10    0.00  267.37
2019/12/29 21:00:00   -1.042  -6.919  1000.66  -1.273  -4.868 0.951 1.126e-10    0.00  275.23
2019/12/30 00:00:00    0.494  -3.541  1002.98  -1.640  -5.639 0.416 0.000e+00    0.00  264.05
2019/12/30 03:00:00    2.321   0.828  1003.48  -0.809  -5.818 0.075 0.000e+00    0.00  211.58
2019/12/30 06:00:00    5.301   3.985  1005.03   1.583  -3.351 0.051 0.000e+00    0.00  219.22
2019/12/30 09:00:00    6.388   5.033  1005.72   3.303  -1.356 0.330 0.000e+00    0.00  252.31
2019/12/30 12:00:00    6.103   6.857  1006.24   4.126  -2.034 1.000 0.000e+00    0.00  271.30
2019/12/30 15:00:00    4.165   6.834  1005.48   4.906  -0.119 0.951 4.795e-09    1.67  296.39
2019/12/30 18:00:00    6.472   8.569  1004.24   4.638   2.416 0.996 4.273e-08    0.00  298.92
2019/12/30 21:00:00    6.744  10.842  1003.60   4.813   3.067 1.000 2.536e-08    0.00  282.48
2019/12/31 00:00:00    9.006   9.949  1002.67   4.613   2.325 1.000 3.123e-08    0.00  296.65
2019/12/31 03:00:00    5.322   7.865  1000.81   4.503   0.656 1.000 5.706e-09    0.00  296.31
2019/12/31 06:00:00   -2.608   4.530   995.50   3.918   1.103 1.000 4.065e-08    0.00  312.83
2019/12/31 09:00:00    0.203   3.299   990.37   5.150   2.776 0.998 1.230e-08    0.00  291.00
2019/12/31 12:00:00    7.179   7.085   987.68   5.250   3.209 0.594 3.294e-09    0.00  276.15
2019/12/31 15:00:00    5.473   9.012   984.99   4.939   2.691 0.572 1.983e-08    2.94  272.90
2019/12/31 18:00:00    4.447   9.597   981.71   4.958   2.914 0.683 6.545e-08    0.00  289.31
2019/12/31 21:00:00    6.614   8.762   977.65   4.268   2.372 0.516 6.760e-08    0.00  294.78
2020/01/01 00:00:00   11.148   3.315   976.23   2.225   1.261 0.824 1.146e-09    0.00  287.15
2020/01/01 03:00:00    9.979  -1.130   978.00  -0.183  -1.843 0.969 1.341e-09    0.00  282.92
2020/01/01 06:00:00    5.388   0.425   978.98   0.918  -6.048 0.732 1.446e-09    0.00  240.08
2020/01/01 09:00:00   -2.508   4.408   977.27   1.372  -4.493 0.984 4.882e-08    0.00  271.87
2020/01/01 12:00:00   -0.313   2.948   973.91   1.358  -0.747 0.992 9.889e-08    0.00  292.97
2020/01/01 15:00:00    1.339   0.302   970.33   0.892  -1.280 0.995 1.066e-07    1.74  295.97
2020/01/01 18:00:00    3.119   3.179   967.48   0.466  -2.564 0.840 6.967e-08    0.00  276.22
2020/01/01 21:00:00   -2.412  -4.478   965.80  -0.330  -2.663 0.661 5.814e-08    0.00  266.71
2020/01/02 00:00:00   -9.405 -11.142   965.42  -1.950  -4.229 0.871 5.487e-08    0.00  268.15
2020/01/02 03:00:00   -4.684 -19.237   971.38  -3.652  -5.962 1.000 8.379e-08    0.00  280.61
2020/01/02 06:00:00   -3.162 -15.353   977.41  -4.108  -6.915 1.000 3.452e-08    0.00  264.56
2020/01/02 09:00:00   -4.891  -9.512   980.80  -4.529  -9.960 1.000 1.847e-08    0.00  260.00
2020/01/02 12:00:00   -0.800  -0.173   983.06  -4.593  -8.609 0.983 1.228e-08    0.00  253.07
2020/01/02 15:00:00   11.818  -1.705   983.40  -6.552  -9.378 0.833 2.708e-08    3.43  241.26
2020/01/02 18:00:00   12.227  -2.765   984.30  -6.864 -10.729 0.823 2.771e-09    0.00  201.89
2020/01/02 21:00:00   10.730  -3.581   985.94  -7.251 -11.750 0.984 2.383e-09    0.00  207.92
2020/01/03 00:00:00    9.619  -6.589   990.44  -7.240 -11.329 1.000 6.561e-09    0.00  215.77
2020/01/03 03:00:00    6.344  -6.586   994.82  -6.411  -8.385 0.980 4.064e-08    0.00  238.34
2020/01/03 06:00:00    4.573  -7.103  1000.56  -4.908  -8.402 0.942 1.490e-08    0.00  221.83
2020/01/03 09:00:00    1.281  -8.319  1006.36  -4.211  -9.858 0.859 3.063e-09    0.00  221.60
2020/01/03 12:00:00   -2.297  -9.074  1011.64  -4.998 -11.292 0.678 1.268e-09    0.00  206.82
2020/01/03 15:00:00   -2.720  -6.298  1015.89  -3.625 -11.403 0.267 1.072e-10    5.52  203.14
2020/01/03 18:00:00   -5.437  -2.856  1017.92  -2.851 -10.311 0.988 2.085e-10    0.00  214.48
2020/01/03 21:00:00   -5.016   0.606  1019.17  -2.365  -9.557 1.000 7.965e-10    0.00  263.00
2020/01/04 00:00:00   -4.849   2.156  1018.33  -0.973  -9.553 1.000 3.450e-10    0.00  278.73
2020/01/04 03:00:00   -7.258  -0.436  1014.37  -0.255  -7.372 1.000 1.224e-10    0.00  270.89
2020/01/04 06:00:00  -11.819  -0.758  1008.35   0.693  -5.216 1.000 1.773e-12    0.00  279.15
2020/01/04 09:00:00  -13.970   1.607   999.74   1.775  -4.246 1.000 7.332e-09    0.00  284.77
2020/01/04 12:00:00  -16.988  -5.158   989.29   1.125  -1.061 1.000 1.959e-07    0.00  303.58
2020/01/04 15:00:00  -16.020   1.189   977.41   2.401   0.968 1.000 3.000e-07    0.20  315.74
2020/01/04 18:00:00    5.646  13.435   973.89   5.313   1.942 0.715 3.387e-08    0.00  312.39
2020/01/04 21:00:00    2.418  14.098   973.33   5.003   1.590 0.501 9.032e-09    0.00  291.06
2020/01/05 00:00:00   -1.384  14.361   969.88   4.524   2.011 0.367 1.872e-08    0.00  270.69
2020/01/05 03:00:00   -2.110  17.102   966.80   3.771  -0.073 0.688 1.625e-08    0.00  266.78
2020/01/05 06:00:00   -3.586  13.837   960.68   4.184   2.269 0.997 4.097e-08    0.00  308.28
2020/01/05 09:00:00    9.743   7.550   960.92   4.627   2.771 0.989 1.958e-08    0.00  300.48
2020/01/05 12:00:00   15.194   4.837   970.59   2.238   1.499 0.948 2.204e-08    0.00  293.48
2020/01/05 15:00:00   12.310   4.651   976.17   1.824  -0.851 0.433 4.676e-10    5.91  277.34
2020/01/05 18:00:00    5.868   3.605   978.39   2.250  -1.992 0.329 1.980e-10    0.00  238.32
2020/01/05 21:00:00   -0.843   2.215   978.31   2.956  -1.842 1.000 1.886e-09    0.00  240.72
2020/01/06 00:00:00   -1.659   2.752   976.59   3.612  -1.045 1.000 1.139e-08    0.00  277.84
2020/01/06 03:00:00   -6.160   0.616   974.18   3.808  -1.083 1.000 4.372e-09    0.00  281.52
2020/01/06 06:00:00   -8.440  -3.578   971.56   1.989   0.753 1.000 3.245e-08    0.00  291.61
2020/01/06 09:00:00  -10.246  -8.264   970.38   0.755  -0.455 1.000 3.677e-08    0.00  299.56
2020/01/06 12:00:00   -8.580  -8.436   969.91   0.487  -0.832 1.000 1.263e-08    0.00  292.18
2020/01/06 15:00:00   -9.330  -4.538   969.69   0.041  -1.500 1.000 1.663e-08    3.73  285.46
2020/01/06 18:00:00   -7.617   3.421   970.17   0.660  -1.831 0.979 5.656e-08    0.00  295.71
2020/01/06 21:00:00    2.310   4.754   969.57   2.252  -1.915 0.430 1.576e-08    0.00  269.34
2020/01/07 00:00:00   -1.549   8.059   967.14   3.533  -5.108 1.000 5.523e-09    0.00  263.49
2020/01/07 03:00:00   -7.241   5.875   962.80   2.494  -1.383 1.000 1.965e-08    0.00  286.27
2020/01/07 06:00:00  -12.652   1.523   958.18   2.198  -0.295 1.000 6.243e-08    0.00  282.95
2020/01/07 09:00:00  -15.211  -5.055   954.80   0.971  -0.775 1.000 1.297e-08    0.00  285.10
2020/01/07 12:00:00  -13.692  -8.601   952.58   1.058  -0.653 1.000 1.121e-08    0.00  287.88
2020/01/07 15:00:00  -11.635  -7.582   951.46   1.158  -2.033 1.000 3.678e-08    3.83  288.93
2020/01/07 18:00:00   -9.339 -10.248   951.64   0.454  -1.418 1.000 6.225e-08    0.00  287.48
2020/01/07 21:00:00   -9.102  -8.026   953.04   0.377  -2.413 1.000 4.428e-08    0.00  292.49
2020/01/08 00:00:00   -7.706  -8.681   954.77   0.597  -2.542 1.000 4.158e-08    0.00  296.43
2020/01/08 03:00:00   -5.595  -6.660   958.18   0.275  -2.044 1.000 4.323e-08    0.00  283.46
2020/01/08 06:00:00    0.160  -2.263   962.21   0.631  -2.437 0.994 2.970e-08    0.00  279.53
2020/01/08 09:00:00   16.666   6.782   967.63  -1.097  -4.009 0.987 1.610e-08    0.00  275.45
2020/01/08 12:00:00   19.511  10.301   970.89  -2.102  -7.105 0.715 3.402e-08    0.00  220.54
2020/01/08 15:00:00   18.412  10.734   972.40  -2.290  -7.259 0.548 2.713e-08   10.71  220.03
2020/01/08 18:00:00   14.717  11.838   972.17  -2.745  -8.134 0.639 2.180e-08    0.00  228.43
2020/01/08 21:00:00   15.008  11.754   969.94  -2.545  -7.971 0.856 3.382e-08    0.00  221.20
2020/01/09 00:00:00   16.158  13.138   967.91  -5.354 -10.353 0.925 3.349e-08    0.00  241.31
2020/01/09 03:00:00   14.047  15.199   966.14  -5.273 -10.560 0.964 4.262e-08    0.00  242.88
2020/01/09 06:00:00   12.519  12.755   962.96  -4.608  -9.811 0.999 3.228e-08    0.00  234.42
2020/01/09 09:00:00    8.864   6.698   963.21  -5.970 -10.507 0.967 1.819e-08    0.00  233.22
2020/01/09 12:00:00    8.143   7.153   965.37  -6.470 -10.998 0.910 7.303e-09    0.00  201.11
2020/01/09 15:00:00    6.154   4.909   967.88  -6.230 -11.467 0.918 8.708e-09    9.67  223.73
2020/01/09 18:00:00    4.528   6.002   970.34  -6.002 -10.907 0.946 1.165e-08    0.00  233.39
2020/01/09 21:00:00    7.112   3.940   973.82  -5.872 -12.301 0.672 7.367e-09    0.00  222.51
2020/01/10 00:00:00    7.272   2.535   978.14  -5.793 -12.447 0.707 6.067e-09    0.00  202.80
2020/01/10 03:00:00    6.918   1.889   981.43  -4.999 -12.994 0.309 1.784e-09    0.00  213.01
2020/01/10 06:00:00    1.948   1.895   982.78  -4.238 -12.786 0.970 2.628e-09    0.00  238.46
2020/01/10 09:00:00   -4.102  -1.641   981.84  -2.562 -11.193 0.991 5.253e-10    0.00  221.90
2020/01/10 12:00:00  -10.207 -10.530   977.96  -1.173  -6.464 1.000 2.394e-09    0.00  260.15
2020/01/10 15:00:00  -14.517 -13.695   972.77   0.331  -4.062 1.000 2.188e-08    4.67  288.25
2020/01/10 18:00:00  -10.054 -17.948   968.79  -2.291  -3.940 1.000 2.543e-08    0.00  283.85
2020/01/10 21:00:00   -9.798 -22.455   964.62  -3.477  -4.971 1.000 6.147e-08    0.00  292.08
2020/01/11 00:00:00  -11.470 -22.723   961.73  -3.307  -4.791 1.000 7.621e-08    0.00  292.92
2020/01/11 03:00:00  -13.872 -23.002   961.30  -3.902  -5.715 1.000 1.094e-07    0.00  288.59
2020/01/11 06:00:00  -14.562 -20.590   960.60  -3.457  -5.621 1.000 1.098e-07    0.00  288.24
2020/01/11 09:00:00  -16.963 -19.485   959.17  -3.388  -5.653 1.000 1.437e-07    0.00  296.59
2020/01/11 12:00:00  -21.041 -14.471   959.84  -0.021  -2.245 1.000 1.284e-07    0.00  303.62
2020/01/11 15:00:00  -14.543  -4.570   961.32   0.838  -0.861 0.995 1.892e-07    5.93  291.25
2020/01/11 18:00:00   -9.146   3.735   967.25   0.496  -3.311 0.989 1.220e-07    0.00  288.13
2020/01/11 21:00:00   -8.590  -5.363   971.94  -0.982  -4.657 1.000 1.302e-07    0.00  286.77
2020/01/12 00:00:00  -12.202 -14.880   972.85  -1.435  -3.293 1.000 1.235e-07    0.00  283.94
2020/01/12 03:00:00  -16.047 -14.184   973.96  -1.446  -3.397 0.999 9.564e-08    0.00  290.80
2020/01/12 06:00:00  -16.453 -13.789   978.49  -1.610  -3.692 1.000 7.130e-08    0.00  274.87
2020/01/12 09:00:00  -15.785 -14.047   981.49  -1.736  -4.117 1.000 2.668e-08    0.00  271.99
2020/01/12 12:00:00  -15.955 -13.125   983.25  -1.671  -4.739 1.000 1.798e-08    0.00  262.08
2020/01/12 15:00:00  -14.470 -12.618   983.81  -1.841  -5.379 0.993 1.484e-08   10.48  267.42
2020/01/12 18:00:00  -13.869 -13.947   984.90  -1.999  -6.324 0.980 1.388e-08    0.00  267.94
2020/01/12 21:00:00  -10.784 -16.437   985.53  -2.355  -6.131 1.000 1.099e-08    0.00  251.54
2020/01/13 00:00:00   -8.657 -19.623   984.93  -2.376  -5.257 1.000 4.415e-08    0.00  278.28
2020/01/13 03:00:00  -12.334 -18.301   983.15  -1.882  -4.726 1.000 5.932e-08    0.00  284.42
2020/01/13 06:00:00  -15.434 -15.550   983.18  -1.358  -4.020 1.000 4.705e-08    0.00  290.12
2020/01/13 09:00:00  -15.892 -15.841   983.33  -1.035  -3.740 0.993 2.588e-08    0.00  278.30
2020/01/13 12:00:00  -16.350 -16.194   984.00  -0.603  -3.194 0.913 2.216e-08    0.00  274.18
2020/01/13 15:00:00  -13.997 -16.321   984.20  -0.710  -3.526 0.829 1.600e-08   11.41  274.16
2020/01/13 18:00:00  -14.157 -15.422   984.45  -1.102  -4.002 0.991 1.035e-08    0.00  253.12
2020/01/13 21:00:00  -13.616 -16.555   984.18  -1.373  -5.714 1.000 6.988e-09    0.00  267.80
2020/01/14 00:00:00  -11.102 -18.172   983.33  -1.791  -5.093 1.000 8.842e-09    0.00  272.21
2020/01/14 03:00:00  -11.310 -17.942   982.50  -2.028  -4.850 1.000 2.151e-08    0.00  271.87
2020/01/14 06:00:00  -12.200 -17.446   982.16  -2.237  -5.558 0.961 9.779e-09    0.00  280.09
2020/01/14 09:00:00  -12.592 -17.204   982.28  -2.321  -5.820 0.970 8.831e-09    0.00  264.76
2020/01/14 12:00:00  -11.722 -17.854   982.85  -2.437  -5.437 0.833 1.217e-08    0.00  249.51
2020/01/14 15:00:00   -9.735 -17.622   982.72  -2.735  -5.844 0.992 5.884e-09   11.90  259.52
2020/01/14 18:00:00   -9.373 -18.416   982.80  -2.873  -6.229 0.994 1.114e-08    0.00  276.17
2020/01/14 21:00:00   -8.923 -18.294   983.79  -2.710  -5.999 1.000 5.383e-09    0.00  267.61
2020/01/15 00:00:00   -9.077 -17.632   984.26  -2.854  -6.464 1.000 2.093e-08    0.00  279.22
2020/01/15 03:00:00   -9.284 -16.584   984.70  -2.942  -6.801 1.000 2.917e-08    0.00  285.08
2020/01/15 06:00:00   -9.488 -17.059   985.93  -2.916  -7.188 1.000 2.053e-08    0.00  275.37
2020/01/15 09:00:00   -8.579 -16.520   986.51  -2.681  -6.655 1.000 1.499e-08    0.00  281.03
2020/01/15 12:00:00  -11.470 -15.881   987.22  -2.167  -5.388 1.000 2.206e-08    0.00  280.89
2020/01/15 15:00:00  -11.253 -14.905   987.75  -2.064  -5.324 1.000 2.496e-08    6.25  288.05
2020/01/15 18:00:00  -10.502 -14.785   988.30  -1.769  -4.606 1.000 4.052e-08    0.00  291.06
2020/01/15 21:00:00  -11.909 -13.232   988.62  -1.376  -4.085 1.000 6.037e-08    0.00  292.83
2020/01/16 00:00:00  -11.807 -12.119   988.24  -0.645  -3.323 1.000 5.019e-08    0.00  295.64
2020/01/16 03:00:00  -10.615 -11.310   987.82  -0.485  -3.144 1.000 3.884e-08    0.00  295.51
2020/01/16 06:00:00   -7.985 -11.605   987.00   0.002  -2.358 1.000 3.663e-08    0.00  296.84
2020/01/16 09:00:00   -8.015  -8.136   985.42   1.574  -0.746 1.000 3.047e-08    0.00  305.49
2020/01/16 12:00:00   -9.743  -9.534   985.47   1.282   0.389 1.000 5.055e-08    0.01  296.24
2020/01/16 15:00:00   -8.001  -6.649   983.80   1.775   0.929 1.000 5.147e-08    9.71  300.86
2020/01/16 18:00:00   -4.277   0.412   983.27   2.875  -0.121 1.000 1.605e-08    0.00  313.06
2020/01/16 21:00:00   -4.139   0.565   984.03   2.823   0.064 0.995 1.601e-08    0.00  306.77
2020/01/17 00:00:00    0.764   2.136   984.60   1.824   0.447 0.984 5.121e-08    0.00  291.01
2020/01/17 03:00:00    8.228   4.707   986.30   0.984  -0.498 0.954 5.120e-10    0.00  266.16
2020/01/17 06:00:00   10.359   6.832   989.14   0.739  -2.168 0.922 5.522e-10    0.00  255.53
2020/01/17 09:00:00   10.686   7.780   992.65   1.559  -4.421 0.737 3.263e-09    0.00  236.82
2020/01/17 12:00:00    9.017   6.246   996.71   1.495  -4.226 0.242 1.965e-09    0.08  229.24
2020/01/17 15:00:00    6.638   6.293   999.21   2.072  -4.144 0.414 3.738e-09   26.08  228.59
2020/01/17 18:00:00    4.318   6.332  1000.80   2.081  -2.931 0.826 6.041e-09    0.00  243.30
2020/01/17 21:00:00    3.707   5.978  1002.74   1.738  -2.464 0.709 1.850e-08    0.00  247.09
2020/01/18 00:00:00    4.947   5.410  1003.90   1.759  -2.133 0.607 2.603e-09    0.00  239.31
2020/01/18 03:00:00    7.661  -0.552  1005.57   0.968  -2.681 0.523 8.581e-09    0.00  229.60
2020/01/18 06:00:00    6.204  -1.313  1007.92  -0.089  -7.030 0.312 8.729e-11    0.00  219.77
2020/01/18 09:00:00    5.916   1.840  1009.82   0.385  -5.085 0.370 3.235e-09    0.00  218.83
2020/01/18 12:00:00    3.751   4.061  1011.29   1.187  -5.512 0.360 8.859e-10    0.24  215.92
2020/01/18 15:00:00    2.545   6.452  1010.55   2.080  -5.404 0.938 1.520e-10   30.29  220.58
2020/01/18 18:00:00   -2.077   8.967  1008.50   2.922  -5.412 1.000 1.884e-09    0.00  261.89
2020/01/18 21:00:00   -8.761   9.466  1003.72   2.910  -3.011 1.000 1.907e-08    0.00  288.46
2020/01/19 00:00:00  -14.262   8.486   993.90   2.334   1.149 1.000 1.248e-07    0.00  310.44
2020/01/19 03:00:00  -11.500  12.254   982.51   4.314   3.037 1.000 2.051e-07    0.00  323.22
2020/01/19 06:00:00   -0.270  15.496   975.43   6.416   4.967 0.842 1.398e-07    0.00  328.19
2020/01/19 09:00:00    4.648  13.412   974.98   5.316   2.307 0.653 1.631e-08    0.00  286.78
2020/01/19 12:00:00    5.223  13.996   975.22   5.308   2.980 0.947 3.728e-08    0.36  270.71
2020/01/19 15:00:00    8.546  12.856   977.45   5.403   2.976 0.599 1.786e-08   23.63  274.97
2020/01/19 18:00:00   10.841  13.076   981.92   4.869   1.360 0.456 3.371e-09    0.00  276.42
2020/01/19 21:00:00   12.696  13.534   987.40   2.806  -3.321 0.427 1.525e-09    0.00  268.07
2020/01/20 00:00:00   11.014  15.307   988.32   2.146  -4.439 0.971 7.503e-09    0.00  250.74
2020/01/20 03:00:00    9.423  14.436   987.38   1.171  -1.956 0.702 1.332e-08    0.00  239.99
2020/01/20 06:00:00   10.910  15.009   985.80   1.127  -2.445 0.628 3.815e-08    0.00  243.97
2020/01/20 09:00:00   14.307  11.575   987.69   0.815  -3.115 0.579 2.525e-08    0.00  239.67
2020/01/20 12:00:00   18.164  12.092   990.47   0.754  -4.922 0.533 1.689e-08    0.71  242.81
2020/01/20 15:00:00   19.437   8.462   995.32   0.629  -5.238 0.351 2.197e-08   32.41  238.18
2020/01/20 18:00:00   19.946   9.377   998.56   0.898  -6.258 0.464 8.475e-09    0.00  225.68
2020/01/20 21:00:00   20.070   9.487  1003.19   1.277  -6.435 0.327 0.000e+00    0.00  221.82
2020/01/21 00:00:00   17.045   5.671  1007.30   1.001  -6.718 0.152 0.000e+00    0.00  209.01
2020/01/21 03:00:00   16.023   6.267  1010.04   1.374  -6.971 0.937 0.000e+00    0.00  235.70
2020/01/21 06:00:00   14.165   5.022  1011.67   1.651  -6.574 0.856 4.050e-10    0.00  230.92
2020/01/21 09:00:00   10.158   1.966  1013.85   2.456  -5.149 0.784 3.966e-09    0.00  253.70
2020/01/21 12:00:00    2.885  -0.110  1015.97   1.037  -5.014 0.970 1.646e-09    1.01  260.84
2020/01/21 15:00:00   -5.222   1.623  1014.68   2.443  -1.678 0.923 6.099e-09   22.86  279.12
2020/01/21 18:00:00   -7.766   7.248  1011.81   4.766   2.162 1.000 9.094e-08    0.00  319.21
2020/01/21 21:00:00   -6.572  11.274  1007.85   5.569   4.038 1.000 9.307e-08    0.00  332.64
2020/01/22 00:00:00   -3.907  10.908  1003.90   5.893   4.993 1.000 9.741e-08    0.00  339.38
2020/01/22 03:00:00   -0.495  11.617   998.13   5.966   5.141 1.000 1.329e-07    0.00  340.51
2020/01/22 06:00:00   -0.950  13.164   991.42   6.238   5.327 1.000 4.631e-08    0.00  340.77
2020/01/22 09:00:00    8.466  14.889   986.70   5.457   2.947 0.931 7.279e-09    0.00  334.13
2020/01/22 12:00:00    9.116  14.690   986.75   3.920   0.524 0.359 7.439e-09    1.60  260.78
2020/01/22 15:00:00   14.430   9.799   987.89   2.215  -1.687 0.719 5.859e-09   31.48  253.64
2020/01/22 18:00:00   11.386  12.144   987.03   1.132  -2.150 0.828 2.224e-08    0.00  249.10
2020/01/22 21:00:00   11.673  13.363   983.78   0.619  -2.312 0.859 3.944e-08    0.00  258.37
2020/01/23 00:00:00   14.805  11.354   981.60   1.185  -3.762 0.649 5.264e-08    0.00  241.48
2020/01/23 03:00:00   17.353   9.050   977.75   1.144  -4.281 0.494 5.802e-08    0.00  243.58
2020/01/23 06:00:00   18.276   4.520   979.43   0.192  -6.496 0.182 1.269e-08    0.00  221.10
2020/01/23 09:00:00   18.219   5.015   980.12  -0.143  -9.135 0.231 1.598e-09    0.00  203.15
2020/01/23 12:00:00   17.580   3.452   980.75  -1.115 -10.514 0.160 7.299e-10    2.71  201.64
2020/01/23 15:00:00   17.093   4.580   980.76  -1.411 -10.553 0.107 6.983e-11   47.47  196.07
2020/01/23 18:00:00   18.577   1.783   982.50  -2.449 -10.469 0.078 0.000e+00    0.00  195.59
2020/01/23 21:00:00   17.057   0.088   986.92  -2.637 -10.971 0.055 0.000e+00    0.00  190.29
2020/01/24 00:00:00   15.542   0.130   990.72  -3.112 -11.613 0.017 0.000e+00    0.00  185.63
2020/01/24 03:00:00   11.588  -1.537   993.43  -2.275 -12.464 0.059 0.000e+00    0.00  188.17
2020/01/24 06:00:00    6.923  -0.099   995.22  -2.066 -12.011 0.912 0.000e+00    0.00  206.39
2020/01/24 09:00:00    4.900   0.617   996.34  -2.454 -10.389 1.000 8.975e-11    0.00  248.82
2020/01/24 12:00:00    0.427  -2.645   998.38  -2.202  -9.462 0.991 5.411e-10    2.35  252.38
2020/01/24 15:00:00   -4.754  -1.166   997.97  -1.376  -7.496 1.000 5.126e-10   29.50  261.69
2020/01/24 18:00:00   -7.416  -2.929   996.64   0.031  -4.939 1.000 1.443e-08    0.00  278.04
2020/01/24 21:00:00   -9.379  -5.510   995.09   0.503  -2.212 1.000 1.166e-08    0.00  259.58
2020/01/25 00:00:00  -14.056  -6.944   992.41  -0.045  -3.222 1.000 2.409e-08    0.00  264.10
2020/01/25 03:00:00  -14.581 -10.990   990.15  -0.917  -4.976 1.000 1.841e-08    0.00  257.91
2020/01/25 06:00:00  -14.909 -13.063   987.92  -1.826  -5.624 1.000 1.837e-08    0.00  285.85
2020/01/25 09:00:00  -15.471 -13.988   984.32  -1.583  -4.245 1.000 4.031e-08    0.00  291.22
2020/01/25 12:00:00  -15.821 -14.665   981.21   0.198  -2.876 1.000 5.325e-08    0.89  301.20
2020/01/25 15:00:00  -20.141 -11.486   976.70   0.349  -2.441 1.000 7.856e-08    9.03  299.02
2020/01/25 18:00:00  -20.987  -9.840   977.16   0.439  -2.457 1.000 1.355e-07    0.00  300.84
2020/01/25 21:00:00  -20.561  -8.263   979.56   0.567  -2.069 1.000 1.344e-07    0.00  299.46
2020/01/26 00:00:00  -18.440  -6.961   980.94   1.252  -1.179 0.971 8.794e-08    0.00  291.63
2020/01/26 03:00:00  -15.866  -6.828   981.90   1.111  -0.910 0.995 6.187e-08    0.00  289.11
2020/01/26 06:00:00  -12.773 -13.980   981.25  -0.280  -1.660 1.000 2.157e-08    0.00  283.77
2020/01/26 09:00:00  -11.359 -15.756   979.82  -0.271  -1.662 1.000 1.085e-08    0.00  275.21
2020/01/26 12:00:00   -9.582 -16.708   977.87  -0.215  -2.002 0.982 8.100e-09    3.97  263.69
2020/01/26 15:00:00   -8.660 -20.008   971.71  -0.122  -1.566 1.000 3.848e-08   18.32  298.31
2020/01/26 18:00:00  -15.026 -10.962   967.58   2.215   0.328 1.000 3.909e-08    0.00  302.52
2020/01/26 21:00:00  -12.108 -16.467   968.32   0.582  -0.495 0.987 8.983e-08    0.00  304.27
2020/01/27 00:00:00  -14.296 -17.399   968.06   0.844  -0.235 0.999 7.838e-08    0.00  293.51
2020/01/27 03:00:00  -17.553 -18.525   968.71   0.667  -0.684 1.000 6.821e-08    0.00  300.31
2020/01/27 06:00:00  -12.505 -12.308   969.96   0.984  -0.084 1.000 6.397e-08    0.00  292.04
2020/01/27 09:00:00  -11.887 -11.097   972.33   0.511  -0.690 0.998 6.399e-08    0.00  289.82
2020/01/27 12:00:00  -11.686 -13.112   974.58   0.799  -0.370 0.987 2.510e-08    4.20  283.93
2020/01/27 15:00:00  -11.911 -14.435   974.73   0.591  -0.952 0.932 7.144e-09   26.52  283.48
2020/01/27 18:00:00  -11.050 -10.089   974.84   1.735  -0.800 0.986 7.873e-09    0.00  280.72
2020/01/27 21:00:00  -10.703 -13.791   976.28   0.757  -0.239 1.000 3.654e-08    0.00  277.75
2020/01/28 00:00:00  -13.958 -12.348   977.90   0.723  -0.406 0.992 3.442e-08    0.00  276.39
2020/01/28 03:00:00  -11.626  -8.277   979.30   1.032  -0.100 0.991 2.103e-08    0.00  278.02
2020/01/28 06:00:00  -10.240  -4.724   980.96   1.743  -0.468 0.990 6.405e-09    0.00  282.35
2020/01/28 09:00:00   -9.860  -3.340   982.53   1.900  -0.430 0.998 4.740e-09    0.00  258.76
2020/01/28 12:00:00   -9.367  -4.511   984.75   3.245  -1.285 1.000 4.669e-09    4.57  267.27
2020/01/28 15:00:00   -8.934  -1.375   986.21   3.372  -0.939 0.939 3.271e-10   34.65  265.80
2020/01/28 18:00:00   -9.485  -1.186   987.88   3.231  -0.482 0.992 1.038e-10    0.00  254.17
2020/01/28 21:00:00  -10.850  -1.651   989.62   2.707   0.176 0.994 4.436e-10    0.00  240.89
2020/01/29 00:00:00  -13.792  -2.679   990.75   2.231   0.254 0.965 1.508e-08    0.00  261.36
2020/01/29 03:00:00  -12.685  -3.412   991.74   1.402  -0.248 1.000 4.445e-09    0.00  258.86
2020/01/29 06:00:00  -10.590  -6.027   992.70   0.854  -1.818 0.998 4.093e-10    0.00  260.93
2020/01/29 09:00:00  -10.577  -7.456   993.25   1.054  -2.325 0.931 3.756e-09    0.00  252.01
2020/01/29 12:00:00   -9.869  -9.070   993.22   1.278  -1.100 0.690 2.771e-09    8.39  266.42
2020/01/29 15:00:00   -9.792  -9.120   992.99   0.643  -0.944 0.797 2.471e-09   62.23  229.44
2020/01/29 18:00:00   -9.349  -9.057   993.08   0.270  -1.352 0.823 1.775e-09    0.00  266.84
2020/01/29 21:00:00   -9.951  -9.407   993.26   0.431  -2.526 0.637 5.942e-09    0.00  249.42
2020/01/30 00:00:00   -7.868 -10.441   992.93   0.335  -1.628 0.426 4.119e-09    0.00  240.62
2020/01/30 03:00:00   -7.561 -11.146   992.26  -0.252  -1.965 0.646 3.340e-09    0.00  245.75
2020/01/30 06:00:00   -8.151 -11.441   992.34  -0.273  -2.396 0.954 8.749e-09    0.00  279.47
2020/01/30 09:00:00   -9.067 -10.970   992.63  -0.127  -2.750 0.930 7.590e-09    0.00  275.30
2020/01/30 12:00:00   -7.615 -10.911   993.17   0.184  -1.718 0.687 3.969e-09   10.28  240.89
2020/01/30 15:00:00   -8.526  -9.837   993.23  -0.078  -2.177 0.922 6.354e-09   57.33  265.55
2020/01/30 18:00:00   -8.563  -9.572   993.53  -0.142  -2.663 0.962 1.099e-09    0.00  267.10
2020/01/30 21:00:00   -8.808  -8.035   994.40  -0.147  -4.226 0.891 2.592e-09    0.00  249.61
2020/01/31 00:00:00   -8.100  -8.306   994.17  -0.099  -4.938 0.865 5.299e-11    0.00  239.02
2020/01/31 03:00:00   -8.987  -7.890   993.47  -0.448  -5.636 0.384 1.746e-11    0.00  229.06
2020/01/31 06:00:00   -9.938  -7.367   993.19  -0.615  -5.666 0.591 7.309e-10    0.00  223.81
2020/01/31 09:00:00   -9.911  -7.643   993.56  -0.488  -4.937 0.490 3.630e-09    0.00  253.92
2020/01/31 12:00:00   -9.445  -8.168   993.91  -0.751  -3.795 0.339 1.072e-10   14.94  223.22
2020/01/31 15:00:00   -9.888  -7.381   993.78  -1.121  -4.471 0.462 6.983e-11   73.54  223.21
2020/01/31 18:00:00   -9.527  -6.052   994.09  -1.333  -5.194 0.951 3.095e-10    0.03  229.53
2020/01/31 21:00:00   -9.128  -6.248   995.00  -0.964  -6.080 0.971 6.356e-09    0.00  262.92
2020/02/01 00:00:00   -8.466  -6.885   995.31  -0.116  -4.422 0.985 5.456e-09    0.00  251.85
2020/02/01 03:00:00   -8.381  -4.294   995.01   0.081  -4.709 1.000 8.629e-09    0.00  276.37
2020/02/01 06:00:00   -7.471  -3.476   994.90  -0.210  -3.790 0.999 4.358e-09    0.00  250.92
2020/02/01 09:00:00   -7.348  -2.240   994.86   0.023  -3.960 0.997 6.434e-09    0.00  268.13
2020/02/01 12:00:00   -6.927  -2.473   995.34   0.970  -3.865 0.992 2.752e-09   11.91  269.05
2020/02/01 15:00:00   -5.770   1.183   994.58   1.144  -3.286 0.991 1.024e-08   43.83  274.58
2020/02/01 18:00:00   -3.349   3.968   993.74   1.404  -1.974 0.995 1.059e-08    0.10  287.00
2020/02/01 21:00:00   -0.511   3.867   993.42   1.474  -1.002 0.985 4.074e-08    0.00  268.35
2020/02/02 00:00:00    1.233   2.085   993.88   1.800  -2.895 1.000 4.781e-09    0.00  259.72
2020/02/02 03:00:00    0.417   1.844   993.41   2.120  -4.171 0.998 1.696e-09    0.00  266.35
2020/02/02 06:00:00   -0.671   2.236   993.19   1.908  -3.409 0.991 2.167e-08    0.00  268.85
2020/02/02 09:00:00   -2.975   1.802   993.25   1.905  -2.152 0.991 1.689e-08    0.00  268.43
2020/02/02 12:00:00   -4.766   0.590   993.74   1.525  -1.030 0.981 2.052e-08   13.71  261.71
2020/02/02 15:00:00   -6.040   2.527   993.33   1.537  -0.459 1.000 3.243e-08   53.34  254.73
2020/02/02 18:00:00   -7.874   0.647   993.50   1.764  -0.978 0.990 2.553e-08    0.45  240.06
2020/02/02 21:00:00   -7.994  -1.457   994.13   1.889  -2.068 0.489 4.344e-09    0.00  248.53
2020/02/03 00:00:00   -7.502  -4.421   994.94   2.004  -2.252 0.700 9.504e-11    0.00  244.88
2020/02/03 03:00:00   -9.077  -5.008   995.09   1.978  -2.272 0.984 5.216e-11    0.00  257.38
2020/02/03 06:00:00   -9.035  -3.853   995.56   2.196  -2.831 1.000 2.275e-10    0.00  261.16
2020/02/03 09:00:00   -8.156  -5.996   997.39   2.054  -2.335 1.000 1.347e-09    0.00  275.24
2020/02/03 12:00:00   -8.871  -8.893  1000.46   1.771  -1.384 1.000 5.492e-09   15.37  274.96
2020/02/03 15:00:00   -8.453  -7.534  1002.76   1.013  -0.983 0.976 4.869e-09   67.30  258.13
2020/02/03 18:00:00   -5.718  -8.707  1005.97   0.273  -1.804 0.876 5.477e-09    0.69  263.13
2020/02/03 21:00:00   -7.473  -2.848  1007.98  -0.194  -2.912 0.598 2.410e-09    0.00  247.94
2020/02/04 00:00:00   -4.213  -1.638  1009.31   0.868  -3.287 0.943 8.616e-09    0.00  256.87
2020/02/04 03:00:00   -4.724   0.083  1008.79   1.230  -3.080 1.000 2.778e-09    0.00  291.76
2020/02/04 06:00:00   -5.110   3.779  1006.92   2.394  -2.595 1.000 4.157e-09    0.00  289.24
2020/02/04 09:00:00   -4.571   7.494  1004.72   3.012  -1.294 1.000 2.958e-08    0.00  294.19
2020/02/04 12:00:00   -8.512   5.500  1001.61   3.098   0.450 1.000 3.062e-08    9.12  301.02
2020/02/04 15:00:00   -9.322   4.282   996.98   3.591   1.679 1.000 1.036e-07   15.06  317.43
2020/02/04 18:00:00   -2.106   3.721   994.69   4.533   3.619 1.000 3.024e-08    0.42  327.73
2020/02/04 21:00:00    5.080   5.396   996.24   4.386   2.425 1.000 2.399e-09    0.00  318.04
2020/02/05 00:00:00    2.654   3.689   995.98   3.738   1.661 1.000 8.058e-09    0.00  312.28
2020/02/05 03:00:00   -1.784   1.426   995.65   3.689   1.661 1.000 4.459e-08    0.00  306.61
2020/02/05 06:00:00   -5.937  -0.350   993.95   3.695   2.310 1.000 6.042e-08    0.00  323.94
2020/02/05 09:00:00  -10.513  -5.172   992.85   2.756   2.099 1.000 5.587e-08    0.00  326.14
2020/02/05 12:00:00  -10.593  -7.483   993.23   3.028   2.272 1.000 5.492e-08    4.20  325.71
2020/02/05 15:00:00   -6.162  -2.450   992.68   4.258   3.535 1.000 3.393e-08   21.89  329.23
2020/02/05 18:00:00   -3.584   2.766   991.15   5.127   4.082 1.000 9.093e-08    0.31  333.15
2020/02/05 21:00:00   -4.036  10.196   988.31   6.023   4.997 1.000 2.052e-07    0.00  340.28
2020/02/06 00:00:00   -3.980  11.720   984.83   6.047   5.182 1.000 9.050e-08    0.00  342.85
2020/02/06 03:00:00   -6.606  12.864   980.38   5.997   5.046 1.000 1.801e-07    0.00  341.03
2020/02/06 06:00:00   -7.692  14.801   976.34   6.640   5.226 1.000 1.182e-08    0.00  342.44
2020/02/06 09:00:00    5.620  16.767   977.59   5.956   4.037 1.000 2.439e-08    0.00  338.77
2020/02/06 12:00:00    5.868  15.782   985.08   4.987   0.785 0.203 1.338e-09   26.90  252.06
2020/02/06 15:00:00    5.139  12.920   989.79   4.680   0.105 0.274 1.158e-09   84.53  255.10
2020/02/06 18:00:00   -1.162  10.971   991.17   4.080   1.682 0.997 4.044e-08    2.68  273.99
2020/02/06 21:00:00    3.358   9.462   990.81   4.355   2.577 0.932 5.947e-08    0.00  312.41
2020/02/07 00:00:00    2.042   1.351   991.60   3.436   1.677 0.981 4.704e-09    0.00  297.03
2020/02/07 03:00:00   -4.613   0.301   988.96   3.857   2.301 1.000 1.017e-07    0.00  307.59
2020/02/07 06:00:00   -5.905   3.727   984.22   5.130   3.175 1.000 5.140e-08    0.00  312.37
2020/02/07 09:00:00   -9.764   1.350   979.76   4.511   2.676 1.000 2.636e-08    0.00  316.73
2020/02/07 12:00:00  -13.086  -2.575   973.88   3.949   2.766 1.000 1.636e-07    2.81  327.06
2020/02/07 15:00:00  -11.151   5.105   969.34   6.105   4.484 1.000 8.317e-09   29.22  323.64
2020/02/07 18:00:00  -15.040   3.717   964.41   6.001   3.499 1.000 6.524e-08    0.59  332.43
2020/02/07 21:00:00  -14.180   3.606   962.00   6.016   3.079 1.000 5.760e-08    0.00  323.50
2020/02/08 00:00:00  -12.483   6.788   961.17   4.478   1.252 0.998 5.961e-09    0.00  300.85
2020/02/08 03:00:00  -12.786   8.373   959.69   4.289   1.062 0.857 1.292e-09    0.00  267.15
2020/02/08 06:00:00  -14.571   8.800   959.16   4.079   0.922 0.678 1.830e-09    0.00  252.85
2020/02/08 09:00:00  -12.118  10.927   959.87   3.705   0.755 0.849 3.799e-09    0.00  250.11
2020/02/08 12:00:00   -9.317   7.822   961.45   3.676  -0.487 0.989 2.736e-09   30.01  270.10
2020/02/08 15:00:00  -11.179   6.007   962.08   3.239   0.286 1.000 1.243e-08   54.04  279.95
2020/02/08 18:00:00  -10.888   5.064   962.27   2.790   0.282 0.983 5.341e-08    4.33  264.53
2020/02/08 21:00:00  -12.440   0.241   963.22   2.045  -0.416 0.989 1.039e-07    0.00  277.24
2020/02/09 00:00:00  -13.213  -2.870   962.95   0.789  -0.992 0.972 7.265e-08    0.00  290.76
2020/02/09 03:00:00  -15.481  -9.369   964.07  -0.490  -1.899 1.000 3.056e-08    0.00  283.43
2020/02/09 06:00:00  -13.285  -8.780   963.92  -0.915  -2.566 0.983 6.587e-09    0.00  285.64
2020/02/09 09:00:00  -11.936 -10.183   964.06  -1.606  -5.379 0.920 1.936e-09    0.00  241.74
2020/02/09 12:00:00  -12.682 -10.494   964.37  -1.820  -5.839 0.663 2.897e-09   25.28  263.03
2020/02/09 15:00:00  -10.493 -11.443   964.05  -2.055  -5.879 0.774 1.578e-08   77.62  249.30
2020/02/09 18:00:00   -9.716 -12.514   964.44  -2.292  -5.401 0.675 2.447e-08    5.67  256.51
2020/02/09 21:00:00   -7.824 -13.640   966.48  -1.914  -6.145 0.974 1.886e-08    0.00  264.62
2020/02/10 00:00:00   -3.265 -12.360   967.70  -1.442  -6.381 1.000 8.913e-09    0.00  274.44
2020/02/10 03:00:00    0.940 -11.847   968.95  -0.625  -7.017 1.000 5.000e-09    0.00  276.09
2020/02/10 06:00:00    4.065 -10.252   971.22  -0.221  -5.469 1.000 2.776e-08    0.00  286.59
2020/02/10 09:00:00    5.656  -9.932   972.86   0.452  -5.428 1.000 3.740e-09    0.00  278.92
2020/02/10 12:00:00    4.007  -9.890   975.50   1.100  -4.854 1.000 9.738e-09   18.95  288.80
2020/02/10 15:00:00   -0.546 -12.072   978.09   0.794  -4.633 1.000 2.689e-08   35.90  288.52
2020/02/10 18:00:00   -4.263 -14.387   980.92  -0.220  -3.287 1.000 4.698e-08    2.90  290.14
2020/02/10 21:00:00   -8.474 -12.519   982.96  -0.105  -3.609 1.000 4.195e-09    0.00  273.14
2020/02/11 00:00:00   -9.196  -7.855   984.04   0.301  -2.812 1.000 6.933e-10    0.00  253.40
2020/02/11 03:00:00   -5.106  -6.423   985.91  -0.099  -2.176 1.000 5.003e-09    0.00  276.95
2020/02/11 06:00:00   -6.671  -6.353   987.89  -0.773  -3.408 1.000 2.118e-09    0.00  265.22
2020/02/11 09:00:00   -7.289  -4.863   989.08  -1.240  -3.955 1.000 1.293e-09    0.00  272.99
2020/02/11 12:00:00   -7.194  -4.622   990.39  -0.762  -4.674 1.000 3.306e-09   29.09  268.84
2020/02/11 15:00:00   -8.686  -2.954   991.09  -1.041  -4.735 0.996 1.095e-09   67.41  259.25
2020/02/11 18:00:00   -8.971  -2.590   991.68  -1.359  -4.350 1.000 3.697e-09    5.00  267.18
2020/02/11 21:00:00   -8.840  -3.365   992.83  -1.272  -5.240 1.000 2.366e-09    0.00  255.80
2020/02/12 00:00:00   -9.005  -3.987   993.63  -0.888  -5.884 0.997 1.075e-08    0.00  263.77
2020/02/12 03:00:00   -8.742  -3.213   994.23  -0.975  -4.370 1.000 2.738e-08    0.00  267.01
2020/02/12 06:00:00   -7.913  -0.401   994.31  -0.656  -4.048 0.990 2.925e-08    0.00  272.58
2020/02/12 09:00:00   -6.784   1.574   994.73  -0.302  -3.561 1.000 2.503e-08    0.00  267.47
2020/02/12 12:00:00   -7.455  -1.782   995.87  -0.010  -4.013 1.000 2.490e-08   28.82  268.68
2020/02/12 15:00:00   -7.864   0.033   996.59   0.165  -3.912 1.000 3.966e-08   72.71  266.84
2020/02/12 18:00:00   -8.704   1.954   997.44  -0.013  -3.751 1.000 5.042e-08    8.31  261.81
2020/02/12 21:00:00   -9.818   2.718   999.06  -0.176  -3.676 1.000 2.997e-08    0.00  259.10
2020/02/13 00:00:00  -10.863   2.342  1000.23  -0.364  -4.420 0.984 2.646e-08    0.00  250.88
