2018/10/13 00:00:00   -9.571  -7.450   983.73   2.335  -0.038 1.000 1.955e-10    0.00  315.52
2018/10/13 03:00:00   -6.795  -6.984   982.88   2.164  -0.835 1.000 1.837e-10    0.00  304.29
2018/10/13 06:00:00   -6.493  -5.043   982.06   2.321  -1.216 1.000 4.418e-10    0.00  286.12
2018/10/13 09:00:00   -5.227  -0.738   981.89   2.692  -1.177 1.000 2.075e-10    0.55  295.00
2018/10/13 12:00:00   -2.184   0.327   981.56   3.171  -0.448 1.000 1.340e-09   83.37  294.65
2018/10/13 15:00:00   -2.153   0.640   981.47   3.150   0.009 1.000 1.644e-09  129.66  281.74
2018/10/13 18:00:00   -2.208   1.063   981.95   3.325   0.626 1.000 7.290e-10   30.98  287.06
2018/10/13 21:00:00   -2.679   0.885   982.68   3.932   0.743 1.000 5.171e-10    0.00  287.56
2018/10/14 00:00:00   -2.541   1.479   982.88   3.914   1.179 1.000 4.280e-10    0.00  292.61
2018/10/14 03:00:00   -0.537   1.628   982.78   3.872   1.383 0.972 5.237e-11    0.00  271.14
2018/10/14 06:00:00    0.299   2.009   982.20   4.048   1.381 0.995 0.000e+00    0.00  277.11
2018/10/14 09:00:00    0.355   3.397   982.60   4.404   1.241 0.878 0.000e+00    0.44  253.68
2018/10/14 12:00:00    0.355   4.489   982.72   5.248   1.809 0.687 1.047e-10  124.51  297.81
2018/10/14 15:00:00    1.787   4.882   982.64   5.530   2.424 0.700 9.147e-12  197.51  264.56
2018/10/14 18:00:00    2.421   3.398   983.35   5.477   2.860 0.938 7.193e-10   37.00  284.63
2018/10/14 21:00:00    2.328   2.594   984.91   5.247   3.171 0.971 3.547e-09    0.00  281.40
2018/10/15 00:00:00    2.161   1.735   985.43   5.023   3.305 0.991 3.257e-10    0.00  280.77
2018/10/15 03:00:00    0.960   1.192   986.35   4.873   3.281 0.995 5.989e-09    0.00  285.57
2018/10/15 06:00:00   -0.619   0.489   986.92   4.904   3.244 0.850 2.411e-09    0.00  272.51
2018/10/15 09:00:00   -2.412   1.670   988.01   5.117   3.284 0.410 2.928e-09    0.15  261.24
2018/10/15 12:00:00   -2.988   1.959   987.90   5.198   3.061 0.367 4.684e-09  117.53  269.15
2018/10/15 15:00:00   -3.795   3.732   987.69   5.154   2.972 0.458 1.292e-08  198.79  267.54
2018/10/15 18:00:00   -3.669   3.931   987.26   5.043   2.848 0.283 7.093e-09   37.98  269.06
2018/10/15 21:00:00   -4.545   3.130   987.30   5.019   2.700 0.375 4.348e-09    0.00  257.08
2018/10/16 00:00:00   -5.370   1.544   986.61   5.127   2.382 0.450 1.961e-09    0.00  261.91
2018/10/16 03:00:00   -6.134  -1.740   985.43   5.060   2.861 0.845 1.325e-09    0.00  270.27
2018/10/16 06:00:00   -6.331  -5.655   984.39   4.750   2.920 0.941 7.338e-10    0.00  288.78
2018/10/16 09:00:00   -4.893  -8.414   983.93   4.562   2.421 1.000 9.178e-09    0.01  300.16
2018/10/16 12:00:00   -3.663 -10.676   983.40   2.992   1.614 1.000 1.238e-08   38.24  306.28
2018/10/16 15:00:00   -3.616 -11.214   983.69   2.737   1.339 1.000 8.802e-09   75.53  304.53
2018/10/16 18:00:00   -2.737 -12.888   984.73   2.068   1.099 1.000 9.439e-09   16.83  306.29
2018/10/16 21:00:00   -0.305 -12.974   987.13   1.797   0.698 1.000 4.780e-08    0.00  315.96
2018/10/17 00:00:00    6.401 -10.140   989.36   1.462   0.633 1.000 8.656e-08    0.00  312.89
2018/10/17 03:00:00    8.625  -8.033   992.22   1.874   0.410 1.000 3.832e-08    0.00  308.39
2018/10/17 06:00:00    8.062  -4.214   994.85   2.139   0.925 1.000 1.554e-08    0.00  308.92
2018/10/17 09:00:00    5.979   0.636   997.81   2.712   0.807 0.928 1.181e-09    0.00  297.77
2018/10/17 12:00:00    3.132   1.935   999.83   3.467   0.741 0.654 5.495e-10  147.47  241.97
2018/10/17 15:00:00    3.052   3.437  1000.94   3.736  -0.175 1.000 5.039e-11  164.96  263.95
2018/10/17 18:00:00    1.823   3.874  1001.65   3.817  -1.541 1.000 0.000e+00   20.98  275.12
2018/10/17 21:00:00   -2.503   3.831  1001.81   4.529  -1.002 0.999 2.493e-10    0.00  283.12
2018/10/18 00:00:00   -6.352   4.822   999.94   4.886   0.243 1.000 7.632e-09    0.00  305.00
2018/10/18 03:00:00  -10.998   3.923   996.47   5.043   2.197 1.000 5.456e-08    0.00  320.41
2018/10/18 06:00:00  -13.200   0.485   992.58   4.527   2.555 1.000 8.173e-08    0.00  329.30
2018/10/18 09:00:00   -9.661   3.801   990.00   5.955   4.355 0.885 2.029e-08    0.00  322.70
2018/10/18 12:00:00   -7.691   4.114   988.05   6.010   4.859 1.000 9.799e-09   54.51  322.17
2018/10/18 15:00:00   -7.176   3.570   985.51   5.934   4.909 0.999 4.207e-09  111.04  314.62
2018/10/18 18:00:00   -4.923   3.338   983.32   5.685   4.296 0.916 1.698e-08   14.02  306.42
2018/10/18 21:00:00   -2.808   2.513   981.99   5.422   4.182 0.675 1.026e-08    0.00  312.25
2018/10/19 00:00:00   -3.669   0.557   981.32   5.092   3.618 0.976 2.499e-08    0.00  312.02
2018/10/19 03:00:00   -2.425  -1.443   980.69   4.376   3.327 0.963 2.845e-09    0.00  275.19
2018/10/19 06:00:00    0.858  -2.350   981.50   3.895   3.065 0.993 1.328e-08    0.00  291.00
2018/10/19 09:00:00    3.168  -0.759   984.80   3.675   2.818 0.994 1.600e-09    0.00  313.58
2018/10/19 12:00:00    3.713   2.120   987.32   3.314   2.501 0.492 2.444e-10  121.23  273.40
2018/10/19 15:00:00    3.570   2.333   989.08   3.550   2.596 0.841 1.819e-10   64.70  317.62
2018/10/19 18:00:00    1.620   4.752   990.41   3.440   2.033 0.992 1.249e-09   16.76  291.72
2018/10/19 21:00:00    0.991   6.177   990.32   4.261   2.065 1.000 4.916e-09    0.00  302.06
2018/10/20 00:00:00    0.075   8.620   989.48   4.631   1.655 0.979 3.147e-09    0.00  305.29
2018/10/20 03:00:00   -3.981   2.537   986.05   4.218   1.484 0.938 1.348e-09    0.00  277.23
2018/10/20 06:00:00   -8.591  -3.307   981.41   4.157   2.102 1.000 5.322e-08    0.00  319.36
2018/10/20 09:00:00   -9.227  -4.925   977.92   2.725   2.127 1.000 2.098e-07    0.00  323.42
2018/10/20 12:00:00   -7.182  -8.214   975.19   2.010   1.618 1.000 5.183e-08   25.89  324.38
2018/10/20 15:00:00   -7.166  -9.974   974.54   2.365   2.054 1.000 2.510e-08   36.31  321.78
2018/10/20 18:00:00   -4.395 -11.670   975.77   2.227   1.675 1.000 1.152e-08    8.11  310.21
2018/10/20 21:00:00   -2.537 -12.759   979.55   1.573   0.907 1.000 1.469e-08    0.00  312.63
2018/10/21 00:00:00    1.351 -10.705   983.49   0.823  -0.993 1.000 1.365e-08    0.00  301.61
2018/10/21 03:00:00    1.209  -5.760   986.98   0.643  -1.610 1.000 8.024e-09    0.00  290.88
2018/10/21 06:00:00    4.312   0.428   989.76   0.823  -2.202 1.000 8.721e-09    0.00  288.68
2018/10/21 09:00:00    3.616   3.172   991.84   2.055  -1.372 0.791 3.462e-09    0.00  290.20
2018/10/21 12:00:00    6.425   7.197   992.67   3.970   0.032 0.400 6.451e-10  119.57  248.62
2018/10/21 15:00:00    8.229   5.888   994.22   4.169  -0.379 0.336 5.237e-11  182.67  234.23
2018/10/21 18:00:00    6.725   8.937   994.47   3.193  -1.303 0.917 1.345e-10   15.64  257.69
2018/10/21 21:00:00    8.704   6.785   994.70   3.564  -1.155 0.864 2.359e-09    0.00  293.71
2018/10/22 00:00:00   10.091   6.298   994.64   3.038  -2.347 0.556 8.677e-10    0.00  257.56
2018/10/22 03:00:00    9.161   5.043   993.92   3.269  -2.976 0.745 1.236e-09    0.00  253.04
2018/10/22 06:00:00    7.957   4.278   993.23   3.309  -2.558 0.641 2.331e-10    0.00  267.22
2018/10/22 09:00:00    8.031   2.273   994.73   2.908  -2.283 0.439 2.608e-11    0.00  238.59
2018/10/22 12:00:00    7.391   0.262   996.52   1.394  -3.487 0.617 9.652e-11   96.98  265.42
2018/10/22 15:00:00    8.858  -1.262   998.82   1.357  -4.211 0.918 8.090e-11  112.59  282.75
2018/10/22 18:00:00    8.907  -2.084  1002.00   1.351  -3.121 0.849 7.000e-10   13.24  242.24
2018/10/22 21:00:00    5.117  -4.200  1005.43   1.209  -3.229 0.922 7.112e-10    0.00  255.26
2018/10/23 00:00:00    0.580  -4.661  1008.96   0.567  -3.697 0.971 5.125e-11    0.00  278.66
2018/10/23 03:00:00   -0.700  -2.428  1010.62   0.276  -4.749 1.000 0.000e+00    0.00  279.32
2018/10/23 06:00:00   -1.715  -1.020  1011.25   0.140  -5.536 1.000 0.000e+00    0.00  270.88
2018/10/23 09:00:00   -3.337  -0.979  1011.93   0.391  -5.395 1.000 1.167e-11    0.00  261.58
2018/10/23 12:00:00   -2.341  -2.501  1012.48   0.912  -4.044 1.000 1.807e-11   78.09  268.95
2018/10/23 15:00:00   -4.788  -2.840  1011.98   1.248  -3.839 0.979 5.422e-11   98.54  270.67
2018/10/23 18:00:00   -5.624  -2.925  1010.59   1.468  -3.239 0.977 4.629e-10    4.37  291.83
2018/10/23 21:00:00   -7.638  -6.982  1008.17   1.910  -2.098 0.999 1.624e-08    0.00  299.04
2018/10/24 00:00:00   -7.448  -8.321  1005.47   1.451  -0.387 0.997 5.201e-08    0.00  301.55
2018/10/24 03:00:00  -10.783  -8.141  1003.87   1.702   0.432 1.000 5.649e-08    0.00  303.56
2018/10/24 06:00:00   -8.045 -12.680  1007.81   1.097  -1.534 0.999 2.158e-08    0.00  299.56
2018/10/24 09:00:00   -6.599 -11.164  1012.79   0.956  -3.470 0.927 9.555e-10    0.00  254.83
2018/10/24 12:00:00   -4.675  -9.624  1016.70   1.167  -2.958 0.892 4.191e-09   89.55  266.00
2018/10/24 15:00:00   -3.823  -6.606  1019.30   0.727  -4.285 0.641 0.000e+00  138.19  238.02
2018/10/24 18:00:00   -3.727  -4.132  1021.30   0.498  -5.201 0.427 0.000e+00    9.61  229.02
2018/10/24 21:00:00   -3.573  -2.427  1022.01   0.566  -5.776 0.358 0.000e+00    0.00  232.20
2018/10/25 00:00:00   -2.732  -1.271  1022.46   0.617  -6.888 0.475 4.204e-10    0.00  242.74
2018/10/25 03:00:00   -2.476  -2.576  1022.94   0.426  -5.668 0.515 1.583e-10    0.00  221.27
2018/10/25 06:00:00   -3.064  -3.297  1023.30   0.179  -5.217 0.070 0.000e+00    0.00  223.03
2018/10/25 09:00:00   -1.866  -3.701  1024.91   0.104  -5.728 0.114 2.867e-10    0.00  223.38
2018/10/25 12:00:00   -0.216  -3.639  1026.40   0.107  -5.023 0.684 8.867e-13  110.07  223.83
2018/10/25 15:00:00    0.617  -3.165  1027.42   0.061  -4.839 0.959 7.917e-11  144.37  227.84
2018/10/25 18:00:00    0.803  -2.080  1029.00   0.028  -5.034 0.642 3.298e-09    5.95  252.52
2018/10/25 21:00:00    1.731  -2.980  1030.58   0.119  -5.242 0.506 1.173e-09    0.00  272.23
2018/10/26 00:00:00    1.350  -4.228  1031.97  -0.356  -5.724 0.734 6.098e-10    0.00  258.56
2018/10/26 03:00:00    1.960  -5.178  1033.38  -0.543  -6.619 0.925 8.707e-11    0.00  250.18
2018/10/26 06:00:00    1.203  -5.290  1035.48  -0.459  -7.306 0.925 2.015e-10    0.00  247.34
2018/10/26 09:00:00    0.316  -4.681  1037.73  -0.092  -5.321 0.978 2.998e-09    0.00  262.66
2018/10/26 12:00:00    0.150  -4.242  1039.63  -0.069  -5.179 0.970 6.299e-09   61.39  252.00
2018/10/26 15:00:00   -0.894  -2.974  1041.53   0.435  -5.297 0.797 6.679e-09   94.50  261.14
2018/10/26 18:00:00   -4.294  -1.412  1042.60   0.840  -5.374 0.892 4.381e-09    4.43  252.88
2018/10/26 21:00:00   -6.110   1.548  1044.11   1.350  -5.804 1.000 3.230e-09    0.00  264.99
2018/10/27 00:00:00   -6.108   5.039  1044.33   1.762  -4.709 1.000 1.569e-09    0.00  288.46
2018/10/27 03:00:00   -6.524   6.312  1043.47   1.663  -4.977 1.000 4.070e-09    0.00  294.59
2018/10/27 06:00:00   -6.020   6.900  1041.65   1.639  -4.912 1.000 1.074e-08    0.00  295.05
2018/10/27 09:00:00   -6.512   7.464  1038.59   1.870  -4.231 1.000 9.958e-09    0.00  299.73
2018/10/27 12:00:00   -7.960   7.145  1034.07   2.231  -2.993 1.000 4.320e-09   19.84  303.11
2018/10/27 15:00:00   -7.457   8.434  1028.40   2.504  -1.302 1.000 6.748e-08   18.40  307.38
2018/10/27 18:00:00   -8.618   9.378  1020.86   2.462   1.835 1.000 2.201e-07    0.31  316.34
2018/10/27 21:00:00   -6.228  14.819  1011.86   5.558   3.378 1.000 1.494e-07    0.00  328.73
2018/10/28 00:00:00    0.845  12.889  1005.15   6.582   5.516 1.000 8.392e-08    0.00  340.81
2018/10/28 03:00:00    6.370   4.286  1001.53   5.252   5.029 0.757 1.958e-09    0.00  333.93
2018/10/28 06:00:00    8.151   6.879   998.98   4.198   2.948 0.854 2.436e-09    0.00  311.64
2018/10/28 09:00:00    7.132   5.998   997.21   4.504   2.226 0.501 2.821e-09    0.00  291.11
2018/10/28 12:00:00    5.253   1.659   994.33   2.964   1.913 0.997 1.639e-09   61.35  298.28
2018/10/28 15:00:00    2.613  -3.611   992.16   1.319   0.253 1.000 6.168e-10   56.62  299.25
2018/10/28 18:00:00    0.206  -2.110   989.97   0.642  -0.442 0.995 4.324e-09    1.88  291.51
2018/10/28 21:00:00    1.892  -3.672   988.59   0.525  -0.580 1.000 1.074e-08    0.00  287.55
2018/10/29 00:00:00    1.971  -4.802   987.19   0.380  -0.608 0.999 2.783e-08    0.00  297.44
2018/10/29 03:00:00    5.621  -1.969   986.52   0.580  -0.641 0.991 1.779e-08    0.00  297.62
2018/10/29 06:00:00    7.414  -1.153   986.82   1.188  -1.659 0.855 1.662e-09    0.00  267.47
2018/10/29 09:00:00    4.249  -0.221   987.88   1.590  -2.163 0.932 2.520e-09    0.00  260.47
2018/10/29 12:00:00    1.663  -0.063   990.09   1.206  -1.723 0.861 7.784e-09   47.17  265.60
2018/10/29 15:00:00   -4.276  -3.464   991.86   0.956  -1.508 0.500 4.682e-09   56.73  292.04
2018/10/29 18:00:00   -5.785  -3.036   993.88   1.568  -1.493 0.570 1.616e-09    1.20  295.70
2018/10/29 21:00:00   -6.045  -1.404   995.38   2.092  -0.911 0.773 3.358e-08    0.00  267.85
2018/10/30 00:00:00   -8.018  -0.478   996.78   2.590  -0.079 0.627 3.923e-08    0.00  275.58
2018/10/30 03:00:00   -8.573  -2.630   997.68   1.964   0.265 0.632 3.916e-08    0.00  278.33
2018/10/30 06:00:00   -9.695  -7.063   998.46   1.999   0.089 0.645 1.901e-08    0.00  266.56
2018/10/30 09:00:00  -10.964  -8.582   998.86   1.607   0.246 0.997 1.275e-08    0.00  275.15
2018/10/30 12:00:00  -10.900  -9.970   999.54   1.567   0.498 1.000 8.602e-09   35.47  306.51
2018/10/30 15:00:00   -9.818 -11.278   999.68   0.944  -0.202 0.997 8.565e-09   54.16  296.10
2018/10/30 18:00:00   -8.689 -12.306   999.42   0.476  -0.665 1.000 1.796e-08    0.80  294.59
2018/10/30 21:00:00   -7.913 -14.636   999.12  -0.329  -2.230 0.998 1.405e-08    0.00  297.40
2018/10/31 00:00:00   -4.657 -16.172   996.96  -0.754  -3.091 1.000 5.172e-08    0.00  299.81
2018/10/31 03:00:00   -5.881 -12.181   992.16   1.069  -0.248 1.000 6.506e-08    0.00  306.10
2018/10/31 06:00:00   -9.284  -5.131   991.69   3.256   1.843 0.998 3.633e-08    0.00  318.23
2018/10/31 09:00:00   -8.196  -4.192   992.17   3.277   1.700 1.000 5.854e-08    0.00  310.88
2018/10/31 12:00:00  -14.650  -6.794   993.30   3.501   2.039 1.000 1.285e-07   11.23  321.93
2018/10/31 15:00:00  -14.096  -8.225   995.22   2.360   1.734 0.999 1.451e-07   13.92  320.34
2018/10/31 18:00:00  -13.550 -10.280   997.40   1.333   0.657 1.000 1.271e-07    0.20  311.19
2018/10/31 21:00:00  -15.077 -11.570   999.03   1.178  -0.191 0.999 7.008e-08    0.00  309.30
2018/11/01 00:00:00  -15.990 -11.506  1000.28   1.326  -0.400 1.000 5.738e-08    0.00  304.86
2018/11/01 03:00:00  -14.125 -10.142  1000.81   1.176   0.324 0.996 5.420e-08    0.00  308.39
2018/11/01 06:00:00  -12.458  -8.858  1002.05   1.066  -0.093 0.994 3.604e-08    0.00  302.23
2018/11/01 09:00:00  -13.471  -8.485  1003.30   1.166  -0.311 0.944 2.865e-08    0.00  295.38
2018/11/01 12:00:00  -13.550  -8.509  1004.17   1.792   0.196 0.992 1.299e-08   33.13  289.45
2018/11/01 15:00:00  -12.910  -7.334  1005.19   1.438  -0.176 0.984 5.400e-09   75.40  270.82
2018/11/01 18:00:00  -12.169  -6.944  1006.24   1.149  -0.532 0.981 1.651e-09    0.28  266.47
2018/11/01 21:00:00  -12.726  -6.228  1007.23   1.283  -1.528 0.959 8.048e-09    0.00  278.27
2018/11/02 00:00:00  -12.555  -5.695  1007.95   1.202  -0.977 0.910 2.547e-09    0.00  260.06
2018/11/02 03:00:00  -12.855  -5.925  1008.81   0.914  -1.741 0.834 7.564e-10    0.00  254.44
2018/11/02 06:00:00  -12.321  -5.492  1009.41   0.634  -2.438 0.805 2.163e-10    0.00  261.42
2018/11/02 09:00:00  -11.500  -6.187  1010.12   0.688  -3.288 0.574 5.216e-11    0.00  250.14
2018/11/02 12:00:00  -11.001  -5.864  1010.24   0.227  -3.754 0.367 2.519e-11   68.25  225.89
2018/11/02 15:00:00  -10.772  -6.486  1009.42   0.295  -4.391 0.100 2.796e-10  102.79  227.61
2018/11/02 18:00:00  -10.414  -8.646  1009.06   0.221  -4.133 0.469 8.111e-10    0.09  250.84
2018/11/02 21:00:00  -10.324 -10.986  1007.41  -0.293  -3.561 0.928 3.895e-09    0.00  241.11
2018/11/03 00:00:00  -11.105  -9.203  1004.86   0.800  -3.041 1.000 1.123e-08    0.00  295.08
2018/11/03 03:00:00   -9.345 -10.614  1002.80   0.272  -2.690 0.479 2.592e-10    0.00  233.44
2018/11/03 06:00:00   -9.512  -9.615  1001.03   0.486  -4.296 0.533 3.553e-11    0.00  220.21
2018/11/03 09:00:00   -5.886  -9.370  1000.00   0.190  -4.126 0.372 9.468e-10    0.00  239.92
2018/11/03 12:00:00   -2.433  -8.689   998.56   0.087  -3.538 0.302 3.711e-10   51.86  241.38
2018/11/03 15:00:00   -1.463  -6.695   997.48  -0.069  -3.704 0.340 7.167e-11   93.62  226.86
2018/11/03 18:00:00   -2.560  -5.454   997.84  -0.088  -4.736 0.310 3.553e-11    0.01  222.77
2018/11/03 21:00:00   -2.751  -4.985   997.48   0.024  -5.243 0.429 3.553e-11    0.00  222.56
2018/11/04 00:00:00   -1.452  -4.248   997.33  -0.047  -4.876 0.833 4.389e-10    0.00  233.22
2018/11/04 03:00:00   -0.976  -4.555   996.84  -0.113  -4.458 0.936 7.167e-10    0.00  239.77
2018/11/04 06:00:00   -2.835  -3.673   996.87   0.122  -4.452 1.000 3.553e-11    0.00  249.45
2018/11/04 09:00:00   -3.371  -3.365   997.05   0.533  -4.427 1.000 1.992e-11    0.00  248.42
2018/11/04 12:00:00   -4.760  -4.765   997.04   0.345  -4.214 1.000 1.807e-11   35.54  257.64
2018/11/04 15:00:00   -6.163  -5.680   996.99   0.623  -3.817 1.000 6.370e-10   44.77  262.91
2018/11/04 18:00:00   -7.032  -7.066   997.22   0.502  -3.605 1.000 5.355e-09    0.00  286.69
2018/11/04 21:00:00   -8.951  -8.681   996.20   0.800  -1.905 1.000 2.150e-08    0.00  294.20
2018/11/05 00:00:00  -10.328  -6.822   994.90   0.538  -0.662 1.000 9.624e-08    0.00  294.98
2018/11/05 03:00:00   -7.799  -5.187   992.98   0.881   0.173 0.991 7.362e-08    0.00  293.09
2018/11/05 06:00:00   -4.922   0.252   992.22   1.110  -0.329 1.000 4.683e-08    0.00  290.42
2018/11/05 09:00:00   -1.474   0.640   994.12   1.437  -1.844 0.947 4.444e-08    0.00  284.58
2018/11/05 12:00:00   -4.940  -2.948   996.36   1.377  -3.142 0.483 1.342e-08   36.10  276.07
2018/11/05 15:00:00   -5.615  -3.164   997.06   1.485  -2.107 0.875 1.469e-08   43.61  284.44
2018/11/05 18:00:00   -7.616  -2.660   998.04   1.800  -1.317 1.000 1.325e-08    0.00  270.81
2018/11/05 21:00:00   -9.665  -3.299   999.55   2.349  -2.064 1.000 3.810e-08    0.00  285.28
2018/11/06 00:00:00  -13.026  -6.635  1000.81   1.685  -0.255 1.000 2.410e-08    0.00  289.81
2018/11/06 03:00:00  -13.855  -7.874  1001.01   1.610  -0.893 1.000 1.576e-08    0.00  286.62
2018/11/06 06:00:00  -12.540  -8.322  1001.08   2.134  -1.714 1.000 5.668e-09    0.00  287.98
2018/11/06 09:00:00  -14.038  -8.234  1001.02   2.248  -1.241 1.000 1.076e-08    0.00  302.55
2018/11/06 12:00:00  -14.981 -11.160  1000.86   2.930  -0.628 1.000 1.137e-08   20.51  298.77
2018/11/06 15:00:00  -14.927 -11.886   999.14   2.831  -0.666 1.000 7.595e-09   31.12  292.79
2018/11/06 18:00:00  -15.444 -12.322   997.94   2.994  -0.448 1.000 1.223e-08    0.00  302.46
2018/11/06 21:00:00  -17.766 -12.706   996.61   3.323  -0.290 1.000 3.228e-08    0.00  307.49
2018/11/07 00:00:00  -17.206 -13.008   996.03   3.444   0.330 1.000 8.875e-09    0.00  310.18
2018/11/07 03:00:00  -18.043 -12.898   995.31   3.382   0.304 1.000 1.115e-08    0.00  311.55
2018/11/07 06:00:00  -16.564 -13.494   995.57   2.967   0.461 1.000 1.105e-08    0.00  311.06
2018/11/07 09:00:00  -16.018 -14.259   995.83   2.419   0.094 1.000 2.868e-08    0.00  311.72
2018/11/07 12:00:00  -16.490 -14.343   996.60   2.309   0.089 1.000 2.005e-08   12.97  313.65
2018/11/07 15:00:00  -16.192 -13.837   997.14   1.961  -0.104 1.000 1.855e-08   22.99  313.32
2018/11/07 18:00:00  -14.696 -13.679   998.32   1.718  -0.121 1.000 4.421e-08    0.00  313.32
2018/11/07 21:00:00  -14.719 -12.362   999.33   2.047   0.086 1.000 1.400e-08    0.00  316.00
2018/11/08 00:00:00  -13.936 -12.430   999.97   2.190   0.296 1.000 7.948e-09    0.00  316.57
2018/11/08 03:00:00  -12.802 -12.059   998.54   2.104   0.443 1.000 7.572e-09    0.00  315.80
2018/11/08 06:00:00  -12.654 -13.135   996.91   2.428   1.036 1.000 4.608e-09    0.00  319.67
2018/11/08 09:00:00  -12.591 -13.981   994.95   2.263   0.904 1.000 1.227e-08    0.00  320.49
2018/11/08 12:00:00  -14.109 -12.386   991.18   2.632   1.288 1.000 2.202e-08    5.04  319.41
2018/11/08 15:00:00  -15.090 -12.444   989.32   2.689   1.497 1.000 8.643e-10   15.61  323.06
2018/11/08 18:00:00  -12.874  -8.245   989.50   3.872   2.850 1.000 5.538e-08    0.00  325.33
2018/11/08 21:00:00   -8.691  -3.501   990.29   4.773   3.354 0.962 7.288e-09    0.00  315.52
2018/11/09 00:00:00  -10.892  -4.664   991.49   5.225   3.227 0.682 5.467e-09    0.00  267.66
2018/11/09 03:00:00  -10.275  -2.550   991.74   5.337   2.918 0.979 2.529e-08    0.00  291.89
2018/11/09 06:00:00   -8.035  -7.756   991.95   4.836   3.054 1.000 5.889e-10    0.00  279.22
2018/11/09 09:00:00   -8.964  -8.233   991.70   4.504   3.153 0.856 1.230e-10    0.00  260.62
2018/11/09 12:00:00  -10.616  -8.511   991.77   4.706   3.129 0.865 7.023e-11   37.68  254.03
2018/11/09 15:00:00  -11.904  -7.909   991.13   4.676   3.296 0.986 0.000e+00   62.92  260.28
2018/11/09 18:00:00  -12.383  -6.846   991.65   4.591   3.494 0.903 1.102e-09    0.00  306.55
2018/11/09 21:00:00  -10.762  -8.370   992.78   4.775   3.357 1.000 1.508e-09    0.00  313.32
2018/11/10 00:00:00  -10.398  -8.576   992.99   4.506   3.255 0.993 8.330e-10    0.00  312.00
2018/11/10 03:00:00  -10.528  -9.492   992.33   4.153   3.162 1.000 9.368e-10    0.00  315.73
2018/11/10 06:00:00  -10.951 -10.311   992.04   4.219   2.666 1.000 8.950e-10    0.00  317.91
2018/11/10 09:00:00   -8.865 -12.203   991.73   3.380   2.311 1.000 3.289e-10    0.00  325.89
2018/11/10 12:00:00   -9.957 -13.056   990.98   3.724   2.450 1.000 1.343e-09    9.96  326.01
2018/11/10 15:00:00   -9.376 -13.869   989.68   3.826   2.707 1.000 8.461e-10   17.45  321.73
2018/11/10 18:00:00  -11.376 -13.612   990.17   4.293   2.851 1.000 3.796e-10    0.00  324.84
2018/11/10 21:00:00  -10.421 -13.398   990.87   3.273   2.078 1.000 1.106e-09    0.00  329.05
2018/11/11 00:00:00  -10.378 -13.641   991.92   3.268   2.061 1.000 9.780e-09    0.00  326.24
2018/11/11 03:00:00  -11.883 -14.184   991.90   2.584   1.344 1.000 1.220e-08    0.00  320.02
2018/11/11 06:00:00  -12.485 -13.587   993.73   2.314   1.040 1.000 2.842e-08    0.00  317.02
2018/11/11 09:00:00  -13.271 -13.501   996.54   2.338   0.567 1.000 8.040e-09    0.00  307.94
2018/11/11 12:00:00  -13.949 -13.070   999.91   2.087   0.266 1.000 5.377e-09   10.48  307.68
2018/11/11 15:00:00  -13.573 -12.051  1001.95   1.676  -0.347 1.000 9.858e-09   14.41  309.10
2018/11/11 18:00:00  -13.801 -12.038  1004.47   1.371  -0.798 1.000 1.921e-08    0.00  308.76
2018/11/11 21:00:00  -13.425 -11.398  1006.41   1.026  -1.259 1.000 1.151e-08    0.00  307.24
2018/11/12 00:00:00  -12.802 -10.555  1007.11   0.981  -1.666 1.000 4.231e-09    0.00  285.73
2018/11/12 03:00:00  -11.734 -10.481  1007.35   0.740  -2.012 1.000 3.906e-09    0.00  298.99
2018/11/12 06:00:00  -11.486 -11.042  1007.14   0.540  -2.100 1.000 1.204e-08    0.00  300.83
2018/11/12 09:00:00  -11.259 -11.697  1006.96   0.492  -2.012 1.000 7.072e-09    0.00  305.50
2018/11/12 12:00:00  -10.850 -11.581  1006.31   1.450  -1.095 1.000 9.261e-09    7.43  309.40
2018/11/12 15:00:00  -10.792 -11.302  1004.98   1.817  -0.605 1.000 7.820e-09   12.78  311.92
2018/11/12 18:00:00  -12.299 -10.561  1004.16   2.207  -0.188 1.000 6.313e-09    0.00  312.90
2018/11/12 21:00:00  -10.039 -10.010  1003.84   2.100   0.428 1.000 3.645e-08    0.00  309.84
2018/11/13 00:00:00  -11.056 -10.808  1003.16   2.696   1.200 1.000 5.328e-08    0.00  316.46
2018/11/13 03:00:00  -11.653 -10.011  1001.76   3.482   1.080 1.000 2.472e-08    0.00  317.96
2018/11/13 06:00:00  -13.167 -10.301  1000.29   3.459   0.994 1.000 2.575e-08    0.00  318.80
2018/11/13 09:00:00  -13.689  -7.174  1000.03   4.019   1.380 1.000 2.865e-08    0.00  319.12
2018/11/13 12:00:00  -12.690  -7.885  1000.49   3.460   1.705 1.000 4.155e-08    5.44  321.83
2018/11/13 15:00:00  -12.213  -7.466   999.82   2.995   1.391 1.000 1.700e-08   16.62  316.28
2018/11/13 18:00:00  -11.755  -7.588   999.40   3.313   0.638 1.000 1.825e-08    0.00  315.72
2018/11/13 21:00:00  -10.032  -9.152   999.55   3.052   0.781 1.000 1.183e-08    0.00  309.38
2018/11/14 00:00:00  -10.730  -9.291   999.59   2.684   0.418 0.998 6.179e-09    0.00  307.39
2018/11/14 03:00:00   -8.376  -9.207   999.06   2.514   0.415 0.983 1.395e-09    0.00  300.60
2018/11/14 06:00:00   -6.536 -11.241   998.94   1.648   0.670 1.000 1.722e-09    0.00  301.64
2018/11/14 09:00:00   -8.869 -10.129   999.33   2.690   1.505 0.999 5.097e-09    0.00  314.60
2018/11/14 12:00:00  -10.908 -10.815   999.93   2.913   0.961 0.997 5.143e-09    9.59  301.21
2018/11/14 15:00:00  -11.753  -8.976   999.93   3.173   1.747 0.988 7.036e-09   18.96  309.38
2018/11/14 18:00:00  -10.496  -9.817   999.02   2.917   1.778 0.981 1.174e-09    0.00  297.12
2018/11/14 21:00:00  -12.333  -8.536   998.37   3.194   1.493 0.951 1.342e-08    0.00  299.21
2018/11/15 00:00:00  -12.728  -9.470   997.90   3.285   1.804 0.985 2.084e-08    0.00  314.56
2018/11/15 03:00:00  -12.556  -9.045   996.84   2.818   0.847 1.000 2.406e-09    0.00  306.82
2018/11/15 06:00:00  -10.970 -10.333   996.04   2.496  -0.158 0.988 1.102e-09    0.00  269.63
2018/11/15 09:00:00   -9.770 -11.903   995.98   2.255  -1.244 0.993 8.127e-09    0.00  256.44
2018/11/15 12:00:00  -10.546 -11.962   996.85   1.806  -2.015 1.000 4.174e-09    7.49  302.74
2018/11/15 15:00:00  -11.526 -10.584   996.89   1.075  -2.392 1.000 4.592e-09   12.34  304.89
2018/11/15 18:00:00  -11.554  -9.871   997.52   0.709  -2.162 1.000 5.808e-09    0.00  302.29
2018/11/15 21:00:00  -11.435  -9.577   999.44   0.679  -2.044 1.000 2.385e-08    0.00  303.74
2018/11/16 00:00:00  -11.539  -8.540  1000.77   0.835  -2.214 1.000 1.613e-08    0.00  304.72
2018/11/16 03:00:00  -11.702  -7.521  1002.02   0.746  -2.322 0.998 1.478e-09    0.00  302.02
2018/11/16 06:00:00  -12.882  -6.231  1003.94   1.360  -1.832 1.000 1.536e-09    0.00  299.26
2018/11/16 09:00:00  -13.673  -4.549  1005.44   1.961  -1.249 0.999 7.059e-09    0.00  310.14
2018/11/16 12:00:00  -14.692  -4.835  1006.32   3.025   0.144 1.000 1.129e-08    7.99  302.46
2018/11/16 15:00:00  -15.603  -6.032  1005.08   3.468   0.657 1.000 6.945e-09   11.10  314.19
2018/11/16 18:00:00  -17.777  -7.697  1001.09   3.777   1.316 1.000 6.498e-08    0.00  315.68
2018/11/16 21:00:00  -16.183  -6.800   999.50   3.836   2.467 1.000 1.925e-07    0.00  322.85
2018/11/17 00:00:00  -13.575  -2.679   998.45   5.647   3.429 1.000 1.119e-07    0.00  333.20
2018/11/17 03:00:00   -8.360   3.748   996.98   7.325   5.798 1.000 2.382e-07    0.00  343.62
2018/11/17 06:00:00   -5.750   9.090   996.60   7.576   6.329 1.000 1.754e-08    0.00  349.98
2018/11/17 09:00:00   -6.716   8.404   997.29   7.417   6.387 1.000 8.236e-08    0.00  350.58
2018/11/17 12:00:00   -8.607  11.721   996.62   7.719   6.415 1.000 1.394e-08    2.13  349.61
2018/11/17 15:00:00   -6.967  11.942   998.61   7.783   6.533 1.000 1.926e-09   16.05  343.99
2018/11/17 18:00:00   -5.578  10.779  1000.69   7.609   6.401 1.000 8.521e-10    0.00  347.90
2018/11/17 21:00:00   -6.185   8.512  1001.75   7.203   6.145 1.000 1.812e-08    0.00  341.70
2018/11/18 00:00:00   -5.270   7.036  1001.43   6.879   5.593 1.000 7.610e-08    0.00  328.69
2018/11/18 03:00:00   -6.260   8.347  1001.72   6.928   4.170 1.000 1.370e-08    0.00  311.72
2018/11/18 06:00:00   -6.829   9.400  1002.30   6.915   4.575 0.694 6.515e-09    0.00  303.85
2018/11/18 09:00:00   -2.849  11.435  1003.13   6.403   4.783 0.923 3.565e-08    0.00  309.61
2018/11/18 12:00:00    3.968   8.860  1007.07   5.089   2.158 0.556 2.197e-09    5.93  309.97
2018/11/18 15:00:00    3.300   9.279  1010.81   5.000   0.087 0.540 8.760e-10   28.41  274.45
2018/11/18 18:00:00    2.967   8.646  1014.04   5.549  -0.736 0.887 5.237e-11    0.00  277.51
2018/11/18 21:00:00    2.960   6.733  1017.01   5.594   0.185 0.535 3.584e-10    0.00  285.05
2018/11/19 00:00:00    1.238   2.602  1018.45   5.198   0.410 0.322 1.608e-10    0.00  255.67
2018/11/19 03:00:00   -2.868  -0.176  1018.73   4.979   0.905 0.003 0.000e+00    0.00  242.87
2018/11/19 06:00:00   -6.448  -1.612  1019.30   5.046   1.530 0.950 0.000e+00    0.00  251.87
2018/11/19 09:00:00   -8.597  -2.612  1019.21   5.247   2.739 1.000 2.389e-08    0.00  313.27
2018/11/19 12:00:00   -9.500   2.847  1019.96   6.576   5.407 1.000 8.616e-08    1.07  340.72
2018/11/19 15:00:00   -8.718   8.026  1020.95   6.791   4.854 0.816 5.440e-09    8.01  339.89
2018/11/19 18:00:00   -9.950   6.706  1023.33   6.811   4.556 0.885 7.769e-09    0.00  331.73
2018/11/19 21:00:00   -9.292   4.893  1025.25   6.734   4.279 0.920 6.730e-09    0.00  321.51
2018/11/20 00:00:00   -9.229   2.602  1026.50   6.449   3.911 0.999 4.143e-09    0.00  320.41
2018/11/20 03:00:00   -9.522   2.951  1027.18   6.389   3.616 0.999 1.192e-09    0.00  327.61
2018/11/20 06:00:00   -8.091   2.639  1027.18   6.074   3.370 0.999 6.801e-11    0.00  321.88
2018/11/20 09:00:00   -8.320   1.057  1027.67   5.518   3.740 0.540 8.478e-11    0.00  309.22
2018/11/20 12:00:00   -6.975   1.634  1027.63   5.208   3.209 0.477 1.459e-10    6.81  277.50
2018/11/20 15:00:00   -6.731   3.872  1027.70   5.443   3.224 0.861 5.937e-10   18.86  292.81
2018/11/20 18:00:00   -6.790   5.070  1027.51   5.905   3.856 0.975 1.742e-09    0.00  327.71
2018/11/20 21:00:00   -5.825   5.872  1028.22   6.109   4.210 0.996 6.653e-09    0.00  321.94
2018/11/21 00:00:00   -5.577   6.532  1028.01   6.087   4.364 0.862 1.128e-08    0.00  325.92
2018/11/21 03:00:00   -3.379   6.902  1026.98   5.916   4.696 0.648 1.240e-08    0.00  310.18
2018/11/21 06:00:00   -2.293   7.351  1026.75   6.033   4.898 0.671 4.317e-09    0.00  290.18
2018/11/21 09:00:00    6.905   0.224  1027.54   4.426   3.418 1.000 2.683e-08    0.00  338.26
2018/11/21 12:00:00    6.250  -3.154  1029.19   2.985  -0.257 0.929 6.938e-09    1.55  315.29
2018/11/21 15:00:00    6.119  -2.195  1029.60   2.844  -1.963 0.491 0.000e+00   22.26  268.58
2018/11/21 18:00:00    6.018  -0.669  1030.73   2.820  -2.088 0.494 5.964e-10    0.00  253.21
2018/11/21 21:00:00    6.252   0.164  1030.32   2.648  -1.983 0.233 2.077e-09    0.00  238.93
2018/11/22 00:00:00    6.835   1.385  1029.61   2.769  -4.074 0.589 0.000e+00    0.00  240.61
2018/11/22 03:00:00    8.386   1.894  1028.72   2.014  -4.480 0.590 0.000e+00    0.00  224.96
2018/11/22 06:00:00    6.660   1.344  1027.27   1.382  -4.460 0.015 0.000e+00    0.00  219.95
2018/11/22 09:00:00    6.582   0.785  1027.00   1.366  -3.832 0.000 0.000e+00    0.00  212.71
2018/11/22 12:00:00    4.751  -1.333  1028.32   0.931  -6.858 0.000 0.000e+00    5.97  206.11
2018/11/22 15:00:00    2.035  -1.997  1027.73   0.868  -8.415 0.000 0.000e+00   32.58  204.95
2018/11/22 18:00:00    0.929  -0.448  1028.85   0.905  -8.145 0.000 0.000e+00    0.00  206.33
2018/11/22 21:00:00    1.561  -1.090  1029.45   0.987  -7.582 0.000 0.000e+00    0.00  203.95
2018/11/23 00:00:00   -2.207  -1.564  1030.61   0.503  -6.288 0.009 0.000e+00    0.00  203.83
2018/11/23 03:00:00   -0.643   2.525  1029.75   1.193  -4.762 0.177 0.000e+00    0.00  208.40
2018/11/23 06:00:00    1.557   2.109  1029.58   1.834  -3.461 0.581 0.000e+00    0.00  241.75
2018/11/23 09:00:00    2.284   1.022  1029.58   1.878  -2.882 0.679 0.000e+00    0.00  264.72
2018/11/23 12:00:00    1.644   0.339  1030.27   1.924  -2.370 0.730 0.000e+00    2.53  283.96
2018/11/23 15:00:00    1.799   1.006  1029.67   2.474  -1.781 0.320 0.000e+00   25.79  240.38
2018/11/23 18:00:00    1.138   0.553  1029.91   2.539  -1.570 0.260 0.000e+00    0.00  245.52
2018/11/23 21:00:00   -0.154   0.067  1029.55   2.813  -0.909 0.145 3.553e-11    0.00  249.02
2018/11/24 00:00:00   -0.888  -0.863  1030.30   3.292   0.968 0.216 6.983e-11    0.00  248.19
2018/11/24 03:00:00   -0.948  -0.755  1030.02   3.359   1.672 0.278 6.157e-10    0.00  261.44
2018/11/24 06:00:00   -1.217   0.235  1030.42   3.364   1.822 0.240 2.635e-10    0.00  250.07
2018/11/24 09:00:00   -1.079   1.019  1030.43   3.746   2.442 0.085 0.000e+00    0.00  247.78
2018/11/24 12:00:00   -0.987  -1.470  1031.27   3.953   2.465 0.054 0.000e+00    3.13  243.37
2018/11/24 15:00:00   -1.397  -0.925  1030.67   3.493   2.312 0.190 0.000e+00   22.56  259.70
2018/11/24 18:00:00   -0.109   0.627  1030.80   3.387   2.399 0.375 1.514e-10    0.00  267.38
2018/11/24 21:00:00    1.161  -0.410  1029.91   2.922   2.593 0.864 8.867e-13    0.00  271.76
2018/11/25 00:00:00    0.163  -2.945  1030.00   2.299   2.065 1.000 5.516e-11    0.00  305.11
2018/11/25 03:00:00   -1.172  -0.942  1028.78   1.421   1.318 1.000 1.405e-10    0.00  310.90
2018/11/25 06:00:00   -1.822  -0.389  1028.20   1.677   1.447 0.979 2.826e-10    0.00  304.72
2018/11/25 09:00:00   -2.699  -3.028  1028.32   2.000   1.481 0.984 6.150e-10    0.00  303.82
2018/11/25 12:00:00   -3.830  -2.652  1027.92   2.419   1.609 0.926 4.399e-10    1.13  305.81
2018/11/25 15:00:00   -3.788  -3.117  1026.95   2.896   1.332 0.922 5.987e-11   14.85  294.65
2018/11/25 18:00:00   -3.710  -1.861  1026.62   2.719   0.863 0.681 9.631e-11    0.00  287.05
2018/11/25 21:00:00   -2.506  -2.091  1025.90   2.495   0.227 0.586 1.773e-12    0.00  273.28
2018/11/26 00:00:00   -2.265  -2.434  1024.52   2.155  -0.046 0.570 3.792e-11    0.00  277.61
2018/11/26 03:00:00   -1.996  -1.920  1023.29   2.015  -0.398 0.781 9.815e-11    0.00  263.48
2018/11/26 06:00:00   -1.858  -2.156  1022.45   1.938  -0.347 0.724 9.692e-11    0.00  272.35
2018/11/26 09:00:00   -2.783  -0.789  1021.18   2.151  -0.151 0.321 0.000e+00    0.00  253.58
2018/11/26 12:00:00   -2.406  -1.171  1020.94   2.217   0.266 0.541 0.000e+00    1.31  244.71
2018/11/26 15:00:00   -3.439  -1.117  1019.83   2.502   0.808 0.858 7.080e-10   12.69  264.48
2018/11/26 18:00:00   -4.650  -1.040  1019.31   2.813   1.019 0.994 3.734e-09    0.00  305.06
2018/11/26 21:00:00   -4.991  -1.884  1019.46   3.212   1.282 1.000 1.562e-09    0.00  310.09
2018/11/27 00:00:00   -7.019  -6.543  1020.12   1.030  -0.171 1.000 2.387e-08    0.00  306.76
2018/11/27 03:00:00   -6.865  -7.272  1019.23   0.085  -1.331 1.000 1.659e-08    0.00  312.70
2018/11/27 06:00:00   -6.553  -6.521  1017.96  -0.283  -1.784 1.000 8.121e-09    0.00  306.08
2018/11/27 09:00:00   -6.134  -7.873  1017.23  -0.156  -1.738 0.988 2.861e-09    0.00  307.46
2018/11/27 12:00:00   -6.778  -7.958  1016.62   1.638  -0.193 1.000 1.114e-09    0.62  294.15
2018/11/27 15:00:00   -6.734  -7.837  1015.35   1.837   0.015 0.953 3.857e-09    9.94  301.53
2018/11/27 18:00:00   -6.658  -7.929  1013.56   1.704  -0.482 0.768 4.682e-09    0.00  297.40
2018/11/27 21:00:00   -8.785  -8.938  1012.78   1.459  -0.987 0.745 6.475e-09    0.00  281.50
2018/11/28 00:00:00  -10.791 -12.801  1012.18  -0.063  -2.278 0.972 5.550e-09    0.00  267.66
2018/11/28 03:00:00  -10.499 -13.387  1011.14  -0.787  -3.563 1.000 6.162e-09    0.00  270.16
2018/11/28 06:00:00   -9.870 -14.393  1009.66  -1.531  -4.124 1.000 1.262e-08    0.00  290.00
2018/11/28 09:00:00  -10.620 -15.368  1008.57  -1.388  -4.293 1.000 1.727e-08    0.00  295.00
2018/11/28 12:00:00  -11.470 -15.197  1007.08  -1.017  -4.313 0.996 1.482e-08    0.21  296.15
2018/11/28 15:00:00  -11.473 -14.013  1006.44  -1.386  -4.459 0.942 3.783e-09    8.19  278.26
2018/11/28 18:00:00  -10.959 -13.772  1006.19  -2.028  -5.840 0.940 3.484e-09    0.00  281.94
2018/11/28 21:00:00  -10.465 -13.943  1005.48  -2.774  -6.925 0.966 2.878e-09    0.00  270.29
2018/11/29 00:00:00   -9.996 -14.645  1004.10  -3.522  -8.060 0.997 2.264e-09    0.00  276.82
2018/11/29 03:00:00   -9.536 -14.233  1002.69  -3.969  -8.371 1.000 4.187e-09    0.00  265.09
2018/11/29 06:00:00   -8.515 -15.503  1001.53  -4.216  -8.411 1.000 6.546e-09    0.00  267.46
2018/11/29 09:00:00   -9.469 -15.288  1001.50  -4.500  -8.719 1.000 5.362e-09    0.00  273.85
2018/11/29 12:00:00   -9.392 -15.385  1000.74  -4.433  -8.505 1.000 5.814e-09    0.13  273.11
2018/11/29 15:00:00   -8.424 -15.176  1000.79  -4.603  -8.715 0.999 6.719e-09    6.56  270.46
2018/11/29 18:00:00   -8.659 -15.676  1000.55  -4.433  -8.669 0.999 9.944e-09    0.00  269.54
2018/11/29 21:00:00   -7.947 -16.306  1000.50  -4.204  -8.461 1.000 9.157e-09    0.00  267.96
2018/11/30 00:00:00   -7.975 -15.767   999.55  -4.531  -8.193 1.000 1.723e-08    0.00  271.25
2018/11/30 03:00:00   -7.204 -15.336   999.67  -4.408  -8.173 1.000 2.382e-08    0.00  275.17
2018/11/30 06:00:00   -7.148 -15.881   999.46  -4.223  -7.740 1.000 2.807e-08    0.00  275.54
2018/11/30 09:00:00   -7.948 -16.393   999.71  -3.352  -6.812 1.000 3.826e-08    0.00  279.63
2018/11/30 12:00:00   -8.348 -16.803   999.72  -2.991  -6.360 1.000 2.851e-08    0.06  279.08
2018/11/30 15:00:00   -9.935 -15.650   999.28  -2.169  -5.878 1.000 2.721e-08    5.66  281.55
2018/11/30 18:00:00  -11.164 -14.884  1000.06  -1.747  -4.820 1.000 1.954e-08    0.00  278.69
2018/11/30 21:00:00  -10.409 -14.373  1001.35  -2.018  -4.179 0.999 1.010e-08    0.00  259.89
2018/12/01 00:00:00  -11.093 -13.752  1001.66  -1.812  -4.418 1.000 6.711e-09    0.00  267.87
2018/12/01 03:00:00  -10.735 -13.249  1002.73  -1.868  -4.795 0.964 2.877e-09    0.00  246.59
2018/12/01 06:00:00  -10.795 -12.586  1003.64  -2.172  -6.219 0.840 6.046e-10    0.00  228.84
2018/12/01 09:00:00  -10.088 -11.955  1005.17  -2.362  -6.645 0.589 1.154e-09    0.00  222.88
2018/12/01 12:00:00   -9.318 -11.246  1005.53  -2.433  -7.425 0.796 6.219e-10    0.04  213.93
2018/12/01 15:00:00   -8.643 -10.171  1005.53  -2.406  -8.316 0.908 1.926e-10    9.80  229.42
2018/12/01 18:00:00   -5.655  -8.682  1005.80  -2.325 -10.053 0.942 1.752e-10    0.00  226.47
2018/12/01 21:00:00   -2.945  -7.858  1006.47  -2.539 -11.083 0.904 3.492e-11    0.00  216.44
2018/12/02 00:00:00   -0.844  -6.314  1006.41  -3.033  -9.523 0.339 0.000e+00    0.00  207.63
2018/12/02 03:00:00   -1.223  -4.299  1005.83  -3.099  -9.995 0.682 3.614e-11    0.00  201.29
2018/12/02 06:00:00   -0.574  -2.299  1005.52  -2.990 -11.700 0.646 1.843e-12    0.00  203.35
2018/12/02 09:00:00   -0.659  -1.527  1005.46  -2.732 -12.659 0.504 5.572e-11    0.00  207.46
2018/12/02 12:00:00   -0.422  -2.831  1005.82  -2.729 -11.999 0.244 9.070e-10    0.01  211.58
2018/12/02 15:00:00   -0.623  -2.589  1006.01  -2.468 -11.591 0.759 1.543e-09    9.98  226.37
2018/12/02 18:00:00   -1.916  -1.831  1006.30  -2.490  -8.979 0.356 3.458e-09    0.00  219.06
2018/12/02 21:00:00   -2.864  -1.200  1006.92  -2.288  -6.191 0.837 4.949e-09    0.00  212.52
2018/12/03 00:00:00   -3.702   1.195  1006.84  -2.469  -7.853 0.975 3.378e-08    0.00  246.23
2018/12/03 03:00:00   -5.996   1.426  1006.48  -1.992  -5.520 0.976 2.638e-08    0.00  256.42
2018/12/03 06:00:00   -7.224   3.480  1005.88  -1.444  -5.559 1.000 2.410e-08    0.00  247.92
2018/12/03 09:00:00   -6.931   4.815  1005.44  -1.037  -5.794 1.000 9.866e-09    0.00  258.23
2018/12/03 12:00:00   -5.410   5.654  1004.55  -0.015  -5.591 1.000 1.085e-08    0.00  282.07
2018/12/03 15:00:00   -6.442   6.816  1002.96   0.302  -4.798 1.000 1.210e-08    3.53  286.38
2018/12/03 18:00:00   -9.918   7.099  1001.80   0.168  -4.070 0.999 1.632e-08    0.00  280.06
2018/12/03 21:00:00  -12.173   4.463  1001.11   0.084  -3.661 0.999 5.825e-08    0.00  273.43
2018/12/04 00:00:00  -10.666  -1.026  1001.78  -0.268  -3.063 1.000 5.042e-08    0.00  279.64
2018/12/04 03:00:00   -8.385  -5.380  1002.64  -0.214  -4.479 0.997 1.113e-08    0.00  263.91
2018/12/04 06:00:00   -6.378  -6.971  1004.29   0.228  -5.409 0.969 9.680e-10    0.00  247.37
2018/12/04 09:00:00   -6.066  -7.332  1006.17   0.454  -5.646 0.464 6.440e-09    0.00  252.22
2018/12/04 12:00:00   -6.387  -7.443  1007.84   0.066  -3.833 0.525 1.101e-08    0.00  235.14
2018/12/04 15:00:00   -6.604  -7.792  1009.43   0.113  -4.120 0.322 1.447e-08    6.62  233.69
2018/12/04 18:00:00   -6.197  -7.506  1010.46   0.159  -4.452 0.309 6.181e-09    0.00  221.61
2018/12/04 21:00:00   -5.766  -6.451  1011.02   0.323  -4.571 0.441 5.650e-09    0.00  237.16
2018/12/05 00:00:00   -6.089  -7.326  1011.60  -0.416  -4.267 0.954 2.207e-09    0.00  233.81
2018/12/05 03:00:00   -6.108  -4.192  1010.86  -0.022  -4.520 1.000 1.234e-09    0.00  240.54
2018/12/05 06:00:00   -5.045  -4.131  1010.23   0.219  -4.842 1.000 5.528e-10    0.00  247.24
2018/12/05 09:00:00   -5.092  -5.432  1009.57   0.399  -4.639 0.993 0.000e+00    0.00  250.95
2018/12/05 12:00:00   -6.158  -6.643  1009.25   0.691  -4.811 1.000 0.000e+00    0.00  247.63
2018/12/05 15:00:00   -6.930  -6.220  1007.00   1.419  -4.873 0.262 0.000e+00    5.76  251.43
2018/12/05 18:00:00   -6.613  -6.067  1005.51   1.642  -3.380 0.808 2.674e-10    0.00  263.76
2018/12/05 21:00:00   -7.662  -6.253  1003.65   1.735  -1.658 0.883 1.602e-09    0.00  247.65
2018/12/06 00:00:00   -7.712  -6.218  1002.16   2.027  -1.252 0.997 5.718e-09    0.00  280.02
2018/12/06 03:00:00   -8.376  -6.470  1000.06   2.196  -0.757 0.775 1.660e-09    0.00  296.99
2018/12/06 06:00:00   -9.013  -8.712   997.86   1.841  -1.229 0.895 1.229e-12    0.00  255.98
2018/12/06 09:00:00   -8.617 -10.838   996.51   1.451  -2.157 1.000 0.000e+00    0.00  242.81
2018/12/06 12:00:00   -7.893 -12.153   994.99   1.261  -1.647 1.000 6.934e-11    0.00  248.24
2018/12/06 15:00:00   -7.674 -13.170   992.34   1.653  -0.382 1.000 3.502e-10    3.62  288.97
2018/12/06 18:00:00   -8.755 -12.584   991.40   2.222   0.039 1.000 9.552e-10    0.00  287.37
2018/12/06 21:00:00  -10.371 -11.905   992.53   2.378   0.164 1.000 7.308e-09    0.00  293.31
2018/12/07 00:00:00  -11.273 -13.062   994.12   1.687  -0.943 0.994 9.062e-09    0.00  282.37
2018/12/07 03:00:00  -10.626 -12.907   995.33   1.430  -1.156 1.000 1.625e-08    0.00  294.55
2018/12/07 06:00:00  -10.353 -13.436   997.09   1.491  -1.213 0.999 1.796e-08    0.00  300.10
2018/12/07 09:00:00   -9.671 -13.277   999.74   1.360  -1.401 1.000 1.300e-08    0.00  296.53
2018/12/07 12:00:00   -8.294 -12.765  1001.68   0.944  -1.707 0.993 7.196e-09    0.00  292.54
2018/12/07 15:00:00   -8.441 -12.512  1002.88   0.611  -1.394 1.000 6.896e-09    2.43  292.18
2018/12/07 18:00:00   -8.266 -12.492  1002.89   0.707  -1.349 1.000 4.721e-09    0.00  281.79
2018/12/07 21:00:00   -7.716 -11.872  1003.21   1.170  -1.309 0.998 1.989e-08    0.00  300.55
2018/12/08 00:00:00  -10.119 -10.720  1002.69   1.569  -0.478 0.997 1.373e-08    0.00  306.38
2018/12/08 03:00:00  -10.205  -8.422  1002.39   1.897  -0.419 0.999 1.151e-08    0.00  303.33
2018/12/08 06:00:00   -9.247  -7.803  1002.90   1.998  -0.780 0.980 4.509e-09    0.00  290.15
2018/12/08 09:00:00   -8.413  -7.280  1004.12   2.005  -1.286 0.973 3.860e-11    0.00  254.58
2018/12/08 12:00:00   -7.213  -6.876  1005.23   1.735  -2.144 0.995 0.000e+00    0.00  259.70
2018/12/08 15:00:00   -6.401  -6.824  1006.60   1.674  -2.353 0.985 0.000e+00    3.46  262.29
2018/12/08 18:00:00   -6.693  -7.445  1007.93   1.459  -2.472 0.956 8.409e-11    0.00  258.92
2018/12/08 21:00:00   -7.653  -5.923  1009.41   1.363  -2.629 0.746 2.484e-09    0.00  235.70
2018/12/09 00:00:00   -6.770  -5.758  1011.05   0.807  -2.828 0.820 1.237e-09    0.00  256.91
2018/12/09 03:00:00   -6.994  -5.272  1012.09   0.596  -3.301 0.871 1.185e-09    0.00  242.29
2018/12/09 06:00:00   -6.888  -4.398  1012.86   0.681  -3.910 0.670 5.884e-10    0.00  244.94
2018/12/09 09:00:00   -7.142  -3.918  1013.93   0.821  -4.813 0.766 3.391e-10    0.00  242.54
2018/12/09 12:00:00   -7.053  -4.456  1015.10   0.480  -4.848 0.888 7.657e-10    0.00  269.88
2018/12/09 15:00:00   -6.832  -3.828  1015.24   0.520  -4.544 0.980 2.106e-09    2.39  269.19
2018/12/09 18:00:00   -6.941  -3.651  1015.51   0.788  -4.404 1.000 8.807e-10    0.00  284.55
2018/12/09 21:00:00   -7.720  -2.154  1015.88   1.234  -3.492 0.846 1.476e-10    0.00  260.48
2018/12/10 00:00:00   -8.032  -3.442  1015.08   1.020  -3.946 0.488 8.913e-11    0.00  245.21
2018/12/10 03:00:00   -8.945  -2.269  1013.56   1.223  -3.114 0.681 2.875e-09    0.00  300.70
2018/12/10 06:00:00   -7.980  -2.868  1012.83   1.535  -1.223 0.997 1.377e-08    0.00  305.79
2018/12/10 09:00:00   -8.117  -2.671  1011.42   2.240   0.133 1.000 6.813e-09    0.00  303.12
2018/12/10 12:00:00   -8.410  -2.654  1009.80   2.132   0.369 1.000 1.671e-08    0.00  304.97
2018/12/10 15:00:00  -10.116  -5.074  1005.67   2.104  -0.145 1.000 1.680e-09    1.63  304.06
2018/12/10 18:00:00  -12.261  -6.830  1000.35   2.224  -0.192 1.000 2.632e-08    0.00  297.28
2018/12/10 21:00:00  -15.679  -9.917   992.44   1.592   0.402 1.000 1.850e-07    0.00  299.64
2018/12/11 00:00:00  -15.014  -0.918   992.08   2.059   0.928 1.000 1.103e-07    0.00  315.67
2018/12/11 03:00:00   -5.258   2.756   993.40   4.268   2.107 1.000 3.994e-10    0.00  301.03
2018/12/11 06:00:00   -8.155  -1.293   991.95   3.501   2.175 1.000 2.034e-09    0.00  296.49
2018/12/11 09:00:00  -13.765  -8.536   986.71   3.113   1.269 1.000 1.875e-07    0.00  320.16
2018/12/11 12:00:00  -17.908  -8.865   980.63   4.310   2.128 1.000 1.322e-07    0.00  324.79
2018/12/11 15:00:00  -12.008   8.426   981.79   5.224   2.711 0.649 4.365e-08    0.94  316.82
2018/12/11 18:00:00  -13.755   7.105   983.23   4.773   2.426 0.828 6.994e-09    0.00  280.56
2018/12/11 21:00:00  -13.554   6.160   983.95   4.577   2.282 0.811 1.529e-08    0.00  294.10
2018/12/12 00:00:00  -12.323   6.908   984.44   4.267   2.238 0.621 3.405e-09    0.00  277.43
2018/12/12 03:00:00  -12.869   7.240   984.55   4.180   2.035 0.997 2.250e-09    0.00  289.33
2018/12/12 06:00:00   -6.377   8.760   985.89   4.150   2.164 0.932 1.324e-08    0.00  296.52
2018/12/12 09:00:00   -2.295   7.584   989.55   4.052   2.012 0.997 1.842e-08    0.00  292.79
2018/12/12 12:00:00   -2.525   6.047   994.10   4.414   1.913 0.766 2.297e-10    0.00  273.73
2018/12/12 15:00:00   -2.710   7.202   996.23   4.533   2.182 0.983 4.723e-10    2.33  270.88
2018/12/12 18:00:00   -2.706   5.888   998.88   4.432   2.601 0.991 0.000e+00    0.00  270.09
2018/12/12 21:00:00   -7.062   4.109  1000.39   4.385   2.577 1.000 7.170e-09    0.00  283.06
2018/12/13 00:00:00   -7.846  -0.567  1000.55   4.000   2.125 1.000 3.249e-08    0.00  316.31
2018/12/13 03:00:00   -9.533  -2.402   999.12   4.095   1.921 1.000 4.992e-09    0.00  283.22
2018/12/13 06:00:00   -9.283  -2.454   997.29   4.351   1.717 1.000 3.898e-08    0.00  319.02
2018/12/13 09:00:00  -10.311  -2.310   995.08   4.523   1.605 1.000 2.114e-08    0.00  319.75
2018/12/13 12:00:00   -9.996  -1.789   993.50   4.104   0.884 1.000 2.359e-08    0.00  314.38
2018/12/13 15:00:00  -10.012  -3.328   991.00   3.772   1.145 1.000 4.339e-08    0.56  316.39
2018/12/13 18:00:00  -10.762  -3.275   988.18   3.961   1.206 1.000 7.972e-08    0.00  316.00
2018/12/13 21:00:00   -8.893  -2.429   987.26   3.700   1.655 1.000 7.416e-08    0.00  322.79
2018/12/14 00:00:00   -7.406  -2.294   986.25   3.376   1.747 0.991 8.136e-09    0.00  310.63
2018/12/14 03:00:00   -5.046  -2.373   986.66   2.839   1.662 0.999 3.609e-08    0.00  313.39
2018/12/14 06:00:00   -4.360  -2.008   987.68   2.423   1.591 0.997 3.037e-08    0.00  327.63
2018/12/14 09:00:00   -3.461  -0.011   989.80   2.404   1.598 1.000 5.445e-09    0.00  327.83
2018/12/14 12:00:00    0.296   5.154   991.64   3.027   1.417 0.985 9.625e-09    0.00  324.54
2018/12/14 15:00:00   -2.363   2.269   991.75   2.616   0.124 0.855 3.811e-10    1.02  295.99
2018/12/14 18:00:00   -5.327  -3.471   990.62   2.368   0.296 0.994 3.547e-12    0.00  251.17
2018/12/14 21:00:00   -8.069  -6.932   988.26   2.429   0.396 1.000 7.167e-11    0.00  261.28
2018/12/15 00:00:00   -9.569  -6.957   985.06   2.655   1.212 1.000 3.974e-09    0.00  296.33
2018/12/15 03:00:00   -8.956  -8.012   982.68   2.770   0.958 1.000 6.285e-08    0.00  310.30
2018/12/15 06:00:00   -7.671  -6.951   981.49   2.375   1.149 0.968 2.572e-08    0.00  300.53
2018/12/15 09:00:00   -6.367  -5.548   981.24   2.591   1.191 0.497 6.639e-09    0.00  293.66
2018/12/15 12:00:00   -6.553  -5.812   982.03   3.013   1.390 0.342 3.242e-09    0.00  249.98
2018/12/15 15:00:00   -7.501  -8.433   982.12   2.224   1.282 0.617 2.069e-10    1.33  261.74
2018/12/15 18:00:00  -10.564  -8.625   984.18   0.196  -0.842 0.998 6.351e-09    0.00  304.66
2018/12/15 21:00:00  -12.555  -9.960   987.14   0.689  -0.565 1.000 3.879e-08    0.00  313.51
2018/12/16 00:00:00  -13.521  -9.983   989.38  -0.351  -2.253 1.000 1.017e-08    0.00  308.70
2018/12/16 03:00:00  -12.630 -10.550   990.47  -0.352  -2.230 0.997 4.642e-09    0.00  302.65
2018/12/16 06:00:00  -12.631 -10.604   991.24  -0.230  -1.851 0.998 5.439e-09    0.00  299.12
2018/12/16 09:00:00  -11.752 -11.429   992.09  -0.704  -2.488 1.000 2.711e-09    0.00  305.37
2018/12/16 12:00:00  -11.521 -12.258   992.01  -0.707  -2.529 1.000 1.167e-08    0.00  299.03
2018/12/16 15:00:00  -11.008 -12.377   990.63  -0.923  -2.792 1.000 3.242e-08    0.47  300.62
2018/12/16 18:00:00  -11.789 -13.467   988.98  -1.047  -2.927 1.000 6.442e-08    0.00  302.09
2018/12/16 21:00:00  -11.755 -13.083   988.15  -1.135  -2.937 1.000 5.243e-08    0.00  301.92
2018/12/17 00:00:00  -14.473 -10.304   987.47   0.045  -1.619 1.000 3.714e-08    0.00  307.09
2018/12/17 03:00:00  -13.474  -6.960   987.98   1.410  -0.501 1.000 1.637e-08    0.00  311.65
2018/12/17 06:00:00  -10.349  -5.215   989.58   2.254   0.792 0.802 7.666e-10    0.00  302.45
2018/12/17 09:00:00  -11.461  -7.305   990.91   2.171   1.056 0.959 2.214e-09    0.00  305.00
2018/12/17 12:00:00  -12.269  -7.797   992.49   3.008   1.542 0.761 1.938e-10    0.00  285.04
2018/12/17 15:00:00  -11.683 -10.079   991.82   2.773   1.517 0.847 5.316e-10    0.91  293.59
2018/12/17 18:00:00  -10.889 -11.731   991.48   2.672   1.255 0.993 1.368e-09    0.00  296.02
2018/12/17 21:00:00  -11.910 -13.329   990.94   2.360   1.053 1.000 3.602e-09    0.00  311.86
2018/12/18 00:00:00  -10.594 -14.810   988.86   1.735   0.484 1.000 4.187e-09    0.00  317.40
2018/12/18 03:00:00  -11.428 -15.160   986.17   1.699   0.383 1.000 8.328e-09    0.00  315.16
2018/12/18 06:00:00  -10.570 -15.660   984.29   1.653   0.557 1.000 4.775e-08    0.00  316.83
2018/12/18 09:00:00  -12.486 -13.794   984.79   2.113   0.787 1.000 3.220e-08    0.00  319.66
2018/12/18 12:00:00  -12.221 -13.040   986.46   2.146   0.993 0.999 4.902e-09    0.00  301.57
2018/12/18 15:00:00  -10.006 -12.901   986.39   2.252   1.183 1.000 1.105e-09    0.64  304.90
2018/12/18 18:00:00   -8.308 -14.895   986.62   1.580   0.400 1.000 1.390e-09    0.00  318.81
2018/12/18 21:00:00   -5.730 -16.713   984.03   0.999  -0.179 1.000 3.868e-08    0.00  309.48
2018/12/19 00:00:00   -5.514 -18.094   980.92   1.335   0.235 1.000 5.733e-08    0.00  316.96
2018/12/19 03:00:00   -7.430 -16.280   979.52   3.043   1.276 1.000 2.190e-08    0.00  317.34
2018/12/19 06:00:00  -10.631  -9.297   985.97   4.172   2.064 0.998 2.330e-08    0.00  322.69
2018/12/19 09:00:00   -9.053 -12.988   991.14   2.384   1.303 0.968 5.384e-10    0.00  291.44
2018/12/19 12:00:00   -7.791 -11.684   994.67   2.063   0.915 1.000 3.200e-10    0.00  318.04
2018/12/19 15:00:00   -6.117 -11.601   995.63   1.730   0.529 0.993 5.399e-10    0.44  319.55
2018/12/19 18:00:00   -5.038 -11.186   997.68   1.884   0.672 1.000 1.906e-09    0.00  318.69
2018/12/19 21:00:00   -6.025  -9.610   999.20   2.149   1.056 1.000 2.212e-09    0.00  321.40
2018/12/20 00:00:00   -8.347  -8.822  1001.31   2.765   1.746 0.993 1.921e-09    0.00  321.90
2018/12/20 03:00:00   -8.037  -8.751  1002.52   2.469   1.261 1.000 4.634e-10    0.00  320.93
2018/12/20 06:00:00   -6.234  -8.408  1003.97   2.205   0.942 0.851 1.880e-10    0.00  312.84
2018/12/20 09:00:00   -5.794  -8.004  1004.94   2.067   0.584 0.921 0.000e+00    0.00  289.77
2018/12/20 12:00:00   -6.306  -8.545  1006.07   1.543   0.015 0.921 3.319e-10    0.00  306.67
2018/12/20 15:00:00   -4.703  -6.949  1005.18   1.330  -0.661 0.999 0.000e+00    0.87  247.07
2018/12/20 18:00:00    0.284  -8.883  1005.00   0.759  -1.358 0.599 1.387e-10    0.00  287.19
2018/12/20 21:00:00   -2.113  -8.971  1003.80   0.883  -0.495 0.993 6.569e-10    0.00  278.45
2018/12/21 00:00:00   -2.011  -7.826  1003.21   1.457   0.564 1.000 5.745e-09    0.00  310.66
2018/12/21 03:00:00   -2.615  -7.996  1002.91   1.263   0.601 0.999 1.413e-09    0.00  314.46
2018/12/21 06:00:00   -2.761  -7.068  1003.43   1.309   0.613 0.999 1.746e-11    0.00  305.48
2018/12/21 09:00:00   -2.753  -6.371  1003.97   1.218   0.552 0.998 1.238e-10    0.00  312.04
2018/12/21 12:00:00   -2.349  -7.400  1005.11   0.906   0.182 0.999 5.367e-10    0.00  317.53
2018/12/21 15:00:00   -3.387  -5.639  1005.71   0.932   0.162 1.000 3.273e-10    0.29  317.64
2018/12/21 18:00:00   -1.365  -6.531  1008.03   0.849   0.100 0.998 2.133e-09    0.00  318.40
2018/12/21 21:00:00   -1.962  -6.078  1009.17   1.015   0.314 0.981 2.894e-10    0.00  300.13
2018/12/22 00:00:00   -1.276  -5.645  1010.20   1.008   0.264 0.977 4.039e-10    0.00  304.15
2018/12/22 03:00:00   -0.508  -5.710  1011.58   0.680  -0.018 0.999 1.486e-09    0.00  306.69
2018/12/22 06:00:00    0.584  -4.717  1011.86   0.455  -0.302 0.992 1.934e-10    0.00  300.00
2018/12/22 09:00:00    1.310  -4.345  1012.85   0.239  -0.613 0.839 3.492e-11    0.00  284.54
2018/12/22 12:00:00    1.004  -3.188  1013.42   0.532  -0.445 0.548 1.405e-10    0.00  271.48
2018/12/22 15:00:00    0.842  -1.486  1014.04   0.607  -0.917 0.817 1.784e-10    0.69  278.93
2018/12/22 18:00:00    0.219   2.028  1014.34   1.952  -0.168 1.000 4.066e-10    0.00  305.80
2018/12/22 21:00:00    1.850   5.285  1014.10   3.315   0.733 1.000 4.312e-09    0.00  308.28
2018/12/23 00:00:00    4.120   1.409  1013.56   2.618   0.914 1.000 5.889e-09    0.00  309.43
2018/12/23 03:00:00    4.090   3.025  1013.63   3.060   0.818 1.000 3.876e-09    0.00  301.63
2018/12/23 06:00:00    6.308   2.805  1013.21   3.016   0.944 1.000 2.253e-08    0.00  299.27
2018/12/23 09:00:00    4.392   3.644  1012.46   2.993   0.924 1.000 4.913e-09    0.00  302.84
2018/12/23 12:00:00    4.286   6.003  1010.82   3.737   1.271 1.000 1.291e-08    0.00  314.03
2018/12/23 15:00:00    6.191   6.320  1007.95   3.804   1.391 1.000 1.421e-08    0.49  315.16
2018/12/23 18:00:00   11.442   5.239  1006.87   3.994   1.750 1.000 3.071e-08    0.00  320.87
2018/12/23 21:00:00   11.445   9.432  1006.13   4.473   1.878 1.000 3.668e-08    0.00  322.77
2018/12/24 00:00:00   11.235  10.732  1004.25   4.693   1.959 1.000 1.603e-08    0.00  315.56
2018/12/24 03:00:00   12.550  10.093  1002.90   4.686   2.122 1.000 2.057e-08    0.00  318.82
2018/12/24 06:00:00   12.946  10.362  1001.91   4.645   2.202 1.000 2.196e-08    0.00  323.30
2018/12/24 09:00:00   13.662  10.606  1002.11   4.934   2.405 1.000 2.657e-10    0.00  322.85
2018/12/24 12:00:00   12.198  10.278  1003.23   4.330   2.242 1.000 7.326e-10    0.00  326.60
2018/12/24 15:00:00   12.169   9.543  1004.25   4.167   2.332 1.000 3.651e-09    0.39  327.09
2018/12/24 18:00:00   11.343   8.902  1005.66   4.004   2.029 1.000 3.998e-09    0.00  326.54
2018/12/24 21:00:00    9.362   8.046  1007.57   3.588   1.539 1.000 4.900e-09    0.00  321.62
2018/12/25 00:00:00    6.559   7.613  1008.17   3.393   1.057 0.990 2.796e-09    0.00  315.83
2018/12/25 03:00:00    4.181   4.885  1009.15   3.266   1.036 0.951 5.482e-09    0.00  306.73
2018/12/25 06:00:00    0.361   3.041  1007.64   2.807   1.164 1.000 2.875e-09    0.00  301.13
2018/12/25 09:00:00   -3.652   0.835  1006.37   2.965   1.548 0.972 3.042e-09    0.00  312.51
2018/12/25 12:00:00   -6.439  -2.696  1003.86   2.811   1.863 1.000 1.087e-08    0.00  315.17
2018/12/25 15:00:00  -11.346  -5.786   999.00   2.596   1.324 1.000 6.192e-08    0.19  320.19
2018/12/25 18:00:00  -12.025  -7.565   993.61   2.325   1.075 1.000 1.044e-07    0.00  321.82
2018/12/25 21:00:00  -13.291  -8.111   989.35   2.734   1.139 1.000 1.454e-07    0.00  323.43
2018/12/26 00:00:00   -9.869   0.557   985.41   4.206   3.005 1.000 3.862e-08    0.00  328.52
2018/12/26 03:00:00   -3.634  13.719   987.26   4.091   2.054 1.000 5.633e-08    0.00  327.63
2018/12/26 06:00:00   -3.612  10.406   989.08   4.309   1.733 0.996 3.952e-08    0.00  321.75
2018/12/26 09:00:00   -4.250   9.871   991.69   4.349   1.748 0.779 1.110e-09    0.00  303.16
2018/12/26 12:00:00   -3.250   9.000   992.73   4.737   2.316 0.594 8.519e-09    0.00  291.00
2018/12/26 15:00:00   -2.635   6.744   993.44   4.151   2.119 0.430 1.254e-09    1.15  276.70
2018/12/26 18:00:00   -2.536   6.817   993.75   3.767   1.673 0.717 7.250e-09    0.00  271.43
2018/12/26 21:00:00   -2.996   7.747   994.24   3.456   0.693 0.999 1.968e-08    0.00  298.77
2018/12/27 00:00:00    0.237   9.005   993.79   3.173   0.152 0.826 5.614e-09    0.00  309.03
2018/12/27 03:00:00    4.889  10.329   993.71   3.722   0.121 0.967 5.759e-09    0.00  297.51
2018/12/27 06:00:00    6.345   9.075   995.32   3.548   0.476 0.770 1.801e-09    0.00  294.58
2018/12/27 09:00:00    4.967   6.613   997.07   3.560   0.044 0.711 6.318e-10    0.00  263.30
2018/12/27 12:00:00    0.606   3.240   997.11   3.121   0.413 0.978 4.624e-09    0.00  277.14
2018/12/27 15:00:00   -6.310   1.681   994.91   3.656   1.216 1.000 4.346e-08    0.47  314.12
2018/12/27 18:00:00   -9.383   2.123   992.48   3.544   2.174 0.958 6.659e-08    0.00  313.60
2018/12/27 21:00:00   -2.718   8.671   991.94   4.634   0.649 0.308 1.748e-09    0.00  279.50
2018/12/28 00:00:00   -4.884   8.656   991.22   4.274  -0.191 0.626 7.516e-09    0.00  269.78
2018/12/28 03:00:00   -4.855  10.766   990.57   3.912   1.473 0.678 1.352e-08    0.00  284.08
2018/12/28 06:00:00   -5.293  10.983   990.08   4.014   1.304 0.826 1.996e-08    0.00  280.34
2018/12/28 09:00:00   -3.327   9.065   990.39   3.949   1.927 0.814 1.880e-08    0.00  281.63
2018/12/28 12:00:00   -0.901   9.767   991.80   3.836   1.552 0.568 9.983e-09    0.00  265.91
2018/12/28 15:00:00   -2.493  10.241   992.75   3.733   0.836 1.000 1.417e-08    1.13  290.49
2018/12/28 18:00:00   -2.478   9.403   993.02   3.583   0.697 0.999 2.798e-08    0.00  305.28
2018/12/28 21:00:00   -2.488   7.188   994.13   3.395   0.716 0.991 4.109e-08    0.00  296.94
2018/12/29 00:00:00   -3.536   1.992   995.39   2.787   1.037 0.974 2.909e-08    0.00  311.15
2018/12/29 03:00:00   -4.067  -3.426   996.34   2.419   1.346 0.988 2.231e-08    0.00  314.01
2018/12/29 06:00:00   -3.484 -11.242   999.61   2.054   1.211 0.994 1.600e-08    0.00  304.63
2018/12/29 09:00:00   -3.931 -12.742  1005.07   1.100   0.237 0.988 3.570e-09    0.00  284.18
2018/12/29 12:00:00   -0.346  -9.964  1010.24  -0.752  -2.579 0.987 6.979e-09    0.00  301.28
2018/12/29 15:00:00   -5.681  -9.248  1012.71  -1.091  -3.215 0.981 5.807e-10    1.14  280.71
2018/12/29 18:00:00   -9.657  -6.451  1014.26  -0.979  -3.334 0.976 7.675e-10    0.00  258.84
2018/12/29 21:00:00   -9.977  -3.173  1014.50   0.090  -3.367 1.000 3.491e-09    0.00  282.48
2018/12/30 00:00:00   -9.293  -5.004  1013.48   0.613  -2.479 1.000 9.210e-09    0.00  288.50
2018/12/30 03:00:00  -10.153  -5.902  1011.10   0.641  -2.334 0.997 1.468e-08    0.00  266.82
2018/12/30 06:00:00  -10.074  -5.438  1008.61   0.763  -2.577 1.000 2.040e-08    0.00  271.78
2018/12/30 09:00:00   -8.759  -6.381  1007.21   1.103  -2.490 1.000 4.449e-08    0.00  297.90
2018/12/30 12:00:00   -9.914  -9.574  1004.28   0.992  -1.390 1.000 2.581e-08    0.00  298.38
2018/12/30 15:00:00   -9.306 -11.765  1000.13   0.410  -1.493 1.000 2.623e-08    1.39  284.27
2018/12/30 18:00:00   -9.076 -14.612   997.81  -0.547  -4.008 1.000 3.166e-08    0.00  285.68
2018/12/30 21:00:00   -6.627 -16.985   996.51  -1.992  -5.284 1.000 5.683e-08    0.00  292.13
2018/12/31 00:00:00   -5.954 -16.951   997.28  -3.277  -5.651 1.000 6.546e-08    0.00  289.39
2018/12/31 03:00:00   -4.595 -16.308  1002.33  -3.682  -6.660 1.000 5.648e-08    0.00  286.83
2018/12/31 06:00:00   -3.413 -15.721  1008.52  -3.584  -8.501 1.000 1.073e-08    0.00  273.82
2018/12/31 09:00:00   -3.306 -12.466  1015.85  -3.147 -10.280 0.086 0.000e+00    0.00  210.39
2018/12/31 12:00:00   -3.210  -5.912  1022.12  -3.117 -11.284 0.004 0.000e+00    0.00  196.14
2018/12/31 15:00:00   -1.376  -0.767  1025.55  -2.919 -12.062 0.008 0.000e+00    3.85  198.12
2018/12/31 18:00:00    0.845   4.967  1028.86  -0.877  -8.811 0.820 2.987e-10    0.00  229.25
2018/12/31 21:00:00    3.006   8.690  1030.12   1.055  -6.192 0.916 0.000e+00    0.00  253.26
2019/01/01 00:00:00    4.038   8.210  1031.13   2.250  -3.648 0.997 1.650e-10    0.00  284.88
2019/01/01 03:00:00    4.346   6.830  1031.47   2.700  -1.867 1.000 1.423e-09    0.00  285.07
2019/01/01 06:00:00    2.531   8.331  1031.31   2.640  -2.070 1.000 9.442e-10    0.00  283.11
2019/01/01 09:00:00    0.288   8.508  1031.51   2.587  -2.926 1.000 1.167e-10    0.00  298.76
2019/01/01 12:00:00   -4.311   8.057  1030.26   2.104  -3.479 1.000 0.000e+00    0.00  270.48
2019/01/01 15:00:00   -7.685   7.055  1026.51   2.464  -2.533 1.000 2.345e-09    1.74  287.93
2019/01/01 18:00:00   -9.113   9.168  1022.18   4.467   1.984 1.000 1.939e-08    0.00  319.60
2019/01/01 21:00:00   -7.860  12.876  1017.76   5.745   4.122 1.000 6.416e-08    0.00  334.10
2019/01/02 00:00:00    2.664  11.943  1017.21   6.450   5.304 1.000 2.034e-08    0.00  342.13
2019/01/02 03:00:00    3.072   9.228  1019.06   5.597   4.322 1.000 5.007e-09    0.00  327.38
2019/01/02 06:00:00    1.182   9.496  1018.59   5.571   4.282 1.000 1.000e-09    0.00  328.98
2019/01/02 09:00:00    0.578   8.042  1018.05   5.471   4.236 1.000 4.142e-09    0.00  330.98
2019/01/02 12:00:00    0.074   6.433  1016.13   5.296   3.727 1.000 1.086e-07    0.00  329.74
2019/01/02 15:00:00    0.471   3.267  1014.05   4.513   3.582 1.000 1.936e-07    0.51  333.18
2019/01/02 18:00:00   -0.661   9.387  1011.85   5.399   4.592 1.000 8.721e-08    0.00  336.61
2019/01/02 21:00:00   -3.779   9.355  1009.50   5.651   4.571 1.000 1.231e-07    0.00  338.91
2019/01/03 00:00:00   -4.486  11.604  1004.32   6.141   4.964 1.000 1.159e-07    0.00  340.43
2019/01/03 03:00:00   -7.080  12.122  1000.28   6.332   5.342 1.000 1.857e-07    0.00  341.91
2019/01/03 06:00:00   -7.859  14.108   994.18   6.623   5.361 1.000 1.807e-07    0.00  342.69
2019/01/03 09:00:00   -4.218  13.244   993.47   7.052   5.528 1.000 7.214e-09    0.00  342.18
2019/01/03 12:00:00   -1.813  14.548   993.86   6.069   4.564 1.000 6.682e-09    0.00  339.59
2019/01/03 15:00:00    5.496  12.399   997.72   5.062   3.244 1.000 4.807e-09    2.24  332.58
2019/01/03 18:00:00    3.319  10.018  1003.16   4.694   2.938 0.983 3.473e-09    0.00  330.67
2019/01/03 21:00:00    3.590  10.096  1006.82   4.365   2.549 1.000 1.924e-09    0.00  317.14
2019/01/04 00:00:00    2.602   6.999  1008.62   4.123   2.374 0.997 9.654e-09    0.00  326.66
2019/01/04 03:00:00   -4.048   3.062  1009.06   3.974   2.484 1.000 2.503e-09    0.00  323.96
2019/01/04 06:00:00   -9.882   0.704  1005.55   3.986   2.893 1.000 1.255e-07    0.00  327.36
2019/01/04 09:00:00   -5.184   9.961  1002.92   5.679   5.171 1.000 1.640e-07    0.00  341.42
2019/01/04 12:00:00   -1.115  10.590  1004.35   5.833   5.168 0.998 1.132e-08    0.00  342.71
2019/01/04 15:00:00   -2.107   9.962  1005.49   5.585   4.721 1.000 1.037e-08    1.68  335.30
2019/01/04 18:00:00    0.270   9.582  1006.17   5.626   4.746 0.995 2.170e-09    0.00  340.30
2019/01/04 21:00:00    0.651   8.688  1007.57   5.360   3.455 1.000 0.000e+00    0.00  286.88
2019/01/05 00:00:00   -0.221   7.602  1007.82   4.978   3.218 1.000 3.642e-09    0.00  308.06
2019/01/05 03:00:00   -1.199   5.543  1006.39   4.435   2.864 1.000 3.642e-08    0.00  316.72
2019/01/05 06:00:00   -0.108   4.548  1004.63   4.129   2.008 1.000 4.720e-08    0.00  310.52
2019/01/05 09:00:00    3.561   5.581  1003.86   3.492   1.215 0.993 3.038e-08    0.00  305.96
2019/01/05 12:00:00    9.965   4.093  1006.07   2.916  -1.643 0.396 8.332e-10    0.00  280.88
2019/01/05 15:00:00    9.959   8.030  1007.77   1.636  -3.335 0.707 1.023e-08    6.14  241.99
2019/01/05 18:00:00   10.061   9.270  1008.93   1.487  -6.039 0.585 9.121e-09    0.00  234.43
2019/01/05 21:00:00    9.943  11.738  1008.77   1.221  -2.294 0.540 1.844e-08    0.00  250.69
2019/01/06 00:00:00   11.324  11.129  1008.15   1.936  -2.763 0.524 1.463e-08    0.00  235.21
2019/01/06 03:00:00   13.616   8.228  1008.95   1.874  -3.508 0.517 5.249e-09    0.00  253.20
2019/01/06 06:00:00   12.430   7.222  1009.71   1.938  -3.604 0.720 7.843e-09    0.00  246.74
2019/01/06 09:00:00   11.765   8.161  1010.39   2.225  -2.882 0.692 5.050e-09    0.00  262.87
2019/01/06 12:00:00   10.173   9.659  1011.45   2.212  -1.182 0.482 6.483e-09    0.00  246.12
2019/01/06 15:00:00    8.157   7.332  1010.48   2.727  -1.937 0.658 4.671e-09    8.03  247.65
2019/01/06 18:00:00    5.473   3.230  1009.02   2.963  -2.127 0.986 5.547e-10    0.00  271.60
2019/01/06 21:00:00    3.544   0.247  1007.88   2.625  -1.792 0.918 9.738e-10    0.00  262.95
2019/01/07 00:00:00    3.881  -2.067  1008.59   1.114  -2.304 0.996 9.529e-10    0.00  244.29
2019/01/07 03:00:00    7.044  -0.160  1010.62   0.343  -4.458 0.160 0.000e+00    0.00  217.62
2019/01/07 06:00:00    9.106   2.267  1012.09   0.729  -5.118 0.362 2.540e-10    0.00  230.61
2019/01/07 09:00:00    7.978  -1.425  1015.36  -0.086  -5.396 0.380 0.000e+00    0.00  252.35
2019/01/07 12:00:00    5.174  -2.784  1020.19  -2.127  -7.696 0.121 0.000e+00    0.00  203.36
2019/01/07 15:00:00    3.456  -1.675  1022.70  -2.382  -7.584 0.991 0.000e+00    8.81  227.54
2019/01/07 18:00:00    2.262  -0.023  1024.73  -1.605  -7.563 0.990 0.000e+00    0.00  228.53
2019/01/07 21:00:00    2.166   1.545  1025.91   0.228  -7.288 1.000 0.000e+00    0.00  222.28
2019/01/08 00:00:00   -0.533   0.755  1025.75   1.624  -4.708 0.784 0.000e+00    0.00  231.87
2019/01/08 03:00:00    0.247   2.499  1026.36   2.612  -1.677 0.993 2.976e-09    0.00  244.83
2019/01/08 06:00:00   -0.467   4.244  1025.06   3.169  -0.752 1.000 1.759e-09    0.00  249.23
2019/01/08 09:00:00   -3.352   5.177  1023.87   3.914  -0.305 1.000 8.582e-09    0.00  301.72
2019/01/08 12:00:00   -7.701   7.553  1020.54   3.505   1.157 1.000 6.008e-08    0.00  316.11
2019/01/08 15:00:00  -10.267   8.234  1014.84   3.960   2.415 1.000 4.089e-08    1.94  325.50
2019/01/08 18:00:00   -2.085  11.068  1010.19   5.451   4.993 1.000 6.859e-08    0.00  338.80
2019/01/08 21:00:00    2.460  11.280  1008.25   5.492   5.280 1.000 2.287e-08    0.00  343.76
2019/01/09 00:00:00    2.752  13.688  1005.60   5.871   5.194 1.000 2.093e-08    0.00  342.24
2019/01/09 03:00:00    4.402  13.516  1002.92   5.911   5.144 1.000 3.173e-08    0.00  342.56
2019/01/09 06:00:00    5.495  14.758   999.35   6.184   5.378 1.000 6.693e-08    0.00  343.54
2019/01/09 09:00:00    6.404  15.488   996.57   6.488   5.436 1.000 1.069e-07    0.00  345.80
2019/01/09 12:00:00    8.655  15.598   993.42   7.026   5.687 1.000 2.435e-08    0.00  345.80
2019/01/09 15:00:00   11.620  12.866   992.70   5.358   3.812 1.000 3.838e-09    2.41  337.55
2019/01/09 18:00:00   15.733  11.739   992.24   4.550   0.454 0.344 0.000e+00    0.00  298.44
2019/01/09 21:00:00   17.189   1.555   995.97   0.826  -5.028 0.083 0.000e+00    0.00  231.87
2019/01/10 00:00:00   17.966  -3.510  1003.31  -1.971 -11.292 0.022 0.000e+00    0.00  187.85
2019/01/10 03:00:00   14.571  -4.055  1007.48  -2.212 -12.046 0.002 0.000e+00    0.00  188.47
2019/01/10 06:00:00   14.096  -2.535  1010.03  -1.620 -12.141 0.000 0.000e+00    0.00  190.90
2019/01/10 09:00:00   12.726  -1.458  1012.33  -2.729 -11.716 0.002 0.000e+00    0.00  196.68
2019/01/10 12:00:00   10.498  -2.027  1014.94  -3.377 -11.640 0.042 0.000e+00    0.00  194.29
2019/01/10 15:00:00    8.300  -3.852  1016.00  -3.117 -11.166 0.556 0.000e+00   15.58  199.54
2019/01/10 18:00:00    3.621  -3.294  1017.15  -3.101 -11.379 1.000 0.000e+00    0.00  225.01
2019/01/10 21:00:00   -0.873  -1.865  1018.30  -3.099 -11.589 1.000 1.632e-09    0.00  287.07
2019/01/11 00:00:00   -6.472  -2.557  1016.84  -1.852  -6.971 1.000 4.185e-08    0.00  292.82
2019/01/11 03:00:00  -11.182  -4.563  1012.94  -0.464  -3.383 1.000 1.238e-07    0.00  297.99
2019/01/11 06:00:00  -13.919  -4.449  1007.89   1.002  -0.792 1.000 1.532e-07    0.00  306.18
2019/01/11 09:00:00  -13.257  -5.471  1003.57   1.434   0.287 1.000 1.584e-07    0.00  320.14
2019/01/11 12:00:00  -13.260  -9.811  1000.45   1.614   0.650 1.000 2.061e-07    0.00  320.83
2019/01/11 15:00:00  -10.709 -13.702   998.69   0.922  -0.277 1.000 1.035e-07    2.56  315.31
2019/01/11 18:00:00   -5.844 -17.328  1002.09  -1.804  -3.364 1.000 5.831e-08    0.00  305.54
2019/01/11 21:00:00   -4.829 -14.100  1007.03  -2.519  -4.626 1.000 4.190e-09    0.00  286.87
2019/01/12 00:00:00   -4.670 -12.495  1009.46  -3.390  -5.676 1.000 6.151e-10    0.00  275.26
2019/01/12 03:00:00   -6.367  -9.890  1011.40  -3.512  -5.902 1.000 2.912e-09    0.00  285.25
2019/01/12 06:00:00   -8.452  -8.124  1010.42  -2.719  -5.822 1.000 8.412e-09    0.00  286.45
2019/01/12 09:00:00  -10.190  -9.996  1008.05  -1.855  -5.283 1.000 1.334e-08    0.00  291.66
2019/01/12 12:00:00  -10.575 -13.000  1006.29  -0.993  -3.972 1.000 2.079e-08    0.00  292.66
2019/01/12 15:00:00  -12.737 -13.283  1004.28  -1.328  -3.435 1.000 3.106e-08    7.31  284.55
2019/01/12 18:00:00  -12.706 -12.764  1004.31  -1.743  -3.881 1.000 1.197e-08    0.00  275.77
2019/01/12 21:00:00  -10.468 -12.838  1005.93  -1.701  -4.119 0.996 5.386e-09    0.00  262.33
2019/01/13 00:00:00  -11.167 -11.149  1007.76  -2.256  -5.069 1.000 2.922e-09    0.00  265.19
2019/01/13 03:00:00   -8.177  -9.380  1010.54  -2.324  -6.401 1.000 4.127e-09    0.00  271.99
2019/01/13 06:00:00   -5.308  -7.992  1013.59  -2.653  -7.652 1.000 6.329e-09    0.00  282.10
2019/01/13 09:00:00   -2.383  -6.235  1015.35  -3.150  -8.391 0.988 4.289e-09    0.00  271.58
2019/01/13 12:00:00   -1.457  -5.576  1016.96  -4.767 -10.647 1.000 2.066e-09    0.00  261.19
2019/01/13 15:00:00   -1.830  -4.892  1016.55  -5.278 -10.135 0.997 3.763e-10   15.57  229.86
2019/01/13 18:00:00   -1.583  -2.881  1016.24  -5.279  -9.682 0.997 3.457e-09    0.00  253.05
2019/01/13 21:00:00   -1.140  -1.883  1015.24  -4.827  -9.037 0.956 2.198e-09    0.00  234.61
2019/01/14 00:00:00   -3.096  -0.062  1013.76  -4.069  -8.956 0.970 1.333e-10    0.00  211.92
2019/01/14 03:00:00   -2.769   2.316  1011.46  -2.971  -9.248 0.985 5.665e-10    0.00  249.41
2019/01/14 06:00:00   -5.619   1.856  1008.00  -1.568  -8.434 0.999 9.862e-10    0.00  267.37
2019/01/14 09:00:00  -10.272  -0.236  1005.29  -1.063  -6.718 1.000 5.758e-10    0.00  277.50
2019/01/14 12:00:00  -12.539  -5.872  1001.54  -2.923  -6.227 1.000 5.168e-10    0.00  271.77
2019/01/14 15:00:00  -12.809  -8.735   997.57  -2.413  -6.756 1.000 3.071e-09    9.09  275.87
2019/01/14 18:00:00  -15.012 -11.233   995.08  -1.361  -5.645 1.000 2.473e-08    0.00  283.67
2019/01/14 21:00:00  -14.044 -12.448   997.25  -1.406  -5.681 1.000 2.950e-08    0.00  281.58
2019/01/15 00:00:00  -12.080 -14.299   999.23  -2.936  -7.679 1.000 2.257e-08    0.00  275.02
2019/01/15 03:00:00  -12.242 -12.645  1000.56  -3.602  -7.974 1.000 1.929e-08    0.00  272.02
2019/01/15 06:00:00  -11.100 -12.645  1002.17  -4.323  -8.394 1.000 1.782e-08    0.00  271.34
2019/01/15 09:00:00  -11.244 -12.546  1003.98  -4.132  -8.566 0.999 1.581e-08    0.00  266.51
2019/01/15 12:00:00  -10.288 -11.870  1005.61  -4.635  -9.011 1.000 1.222e-08    0.01  270.08
2019/01/15 15:00:00   -9.387 -11.560  1007.33  -4.993  -9.528 0.993 9.290e-09    9.38  268.65
2019/01/15 18:00:00   -9.450 -10.887  1009.38  -5.137  -9.797 1.000 8.292e-09    0.00  266.82
2019/01/15 21:00:00   -7.599 -10.704  1011.97  -5.620 -10.024 0.999 1.135e-08    0.00  268.83
2019/01/16 00:00:00   -6.023 -11.634  1014.75  -5.505 -10.043 1.000 9.899e-09    0.00  268.63
2019/01/16 03:00:00   -5.457  -9.764  1016.05  -6.164 -10.587 0.979 7.491e-09    0.00  249.12
2019/01/16 06:00:00   -2.740  -8.745  1017.89  -6.345 -12.099 0.942 3.109e-09    0.00  243.70
2019/01/16 09:00:00   -3.542  -7.305  1018.79  -6.102 -13.044 0.683 4.850e-10    0.00  241.35
2019/01/16 12:00:00   -3.780  -4.786  1019.26  -5.088 -11.192 0.990 7.097e-10    0.03  214.32
2019/01/16 15:00:00   -2.967  -6.167  1019.29  -4.936 -10.843 1.000 1.259e-09   19.51  223.71
2019/01/16 18:00:00   -5.276  -4.204  1018.64  -4.318  -9.893 1.000 9.578e-10    0.00  235.75
2019/01/16 21:00:00   -4.742  -3.173  1017.80  -3.587  -8.734 1.000 2.975e-09    0.00  266.15
2019/01/17 00:00:00   -7.152  -5.790  1016.76  -1.854  -6.984 1.000 3.450e-09    0.00  262.18
2019/01/17 03:00:00   -7.446  -3.301  1015.10  -1.166  -6.509 1.000 3.301e-09    0.00  267.22
2019/01/17 06:00:00   -6.612  -4.507  1013.43  -0.838  -5.875 1.000 5.666e-09    0.00  274.30
2019/01/17 09:00:00   -6.756  -7.067  1012.62  -0.781  -5.651 1.000 2.315e-09    0.00  251.35
2019/01/17 12:00:00   -5.555  -7.594  1011.73  -1.012  -4.812 0.999 3.907e-09    0.08  249.40
2019/01/17 15:00:00   -4.783  -8.038  1010.94  -1.320  -4.317 0.827 4.384e-09   17.86  271.64
2019/01/17 18:00:00   -5.061  -7.132  1010.18  -1.562  -4.000 0.736 1.448e-09    0.00  248.18
2019/01/17 21:00:00   -3.631  -7.760  1010.37  -2.282  -4.015 0.939 6.750e-10    0.00  272.00
2019/01/18 00:00:00   -3.259  -7.963  1010.95  -2.791  -3.782 0.984 1.757e-10    0.00  279.98
2019/01/18 03:00:00   -3.604  -5.557  1010.60  -2.861  -3.956 0.989 3.000e-10    0.00  286.52
2019/01/18 06:00:00   -4.057  -6.075  1010.29  -2.058  -3.854 0.952 1.405e-10    0.00  286.51
2019/01/18 09:00:00   -5.655  -4.963  1010.07  -0.994  -4.212 0.987 9.008e-11    0.00  289.36
2019/01/18 12:00:00   -7.120  -5.701  1010.27  -0.258  -4.497 0.999 1.073e-10    0.21  274.29
2019/01/18 15:00:00   -9.048  -5.230  1008.74   0.281  -4.262 0.998 5.393e-11   20.07  271.38
2019/01/18 18:00:00   -9.984  -4.098  1006.51   1.048  -3.900 1.000 6.775e-10    0.00  278.28
2019/01/18 21:00:00  -10.664  -3.789  1003.77   2.077  -1.545 1.000 2.820e-09    0.00  287.47
2019/01/19 00:00:00  -12.740  -0.803  1000.09   2.060   0.018 1.000 4.734e-08    0.00  311.88
2019/01/19 03:00:00   -9.441   2.724   995.37   3.863   2.751 1.000 1.133e-07    0.00  319.21
2019/01/19 06:00:00   -6.212  12.099   991.48   5.270   3.695 1.000 1.107e-07    0.00  332.56
2019/01/19 09:00:00   -0.794   9.301   990.70   3.576   2.023 0.996 3.185e-08    0.00  317.52
2019/01/19 12:00:00    3.238  10.314   992.16   3.025  -2.880 0.755 4.027e-09    0.36  286.56
2019/01/19 15:00:00   -3.859  10.738   991.73   3.190  -4.022 0.598 3.694e-09   33.34  234.88
2019/01/19 18:00:00    2.865  10.755   991.58   2.878  -1.467 0.644 1.688e-08    0.00  251.31
2019/01/19 21:00:00    3.517   9.526   992.28   2.703  -3.628 0.821 8.063e-09    0.00  254.18
2019/01/20 00:00:00    4.310   5.460   992.76   2.356  -5.761 0.811 7.242e-09    0.00  239.05
2019/01/20 03:00:00    1.771   5.395   993.37   1.534  -3.833 0.919 4.758e-09    0.00  254.94
2019/01/20 06:00:00   -2.611   6.665   992.36   1.947  -4.657 0.816 2.859e-09    0.00  242.69
2019/01/20 09:00:00   -0.951   6.805   991.03   1.246  -3.233 0.876 6.439e-09    0.00  255.03
2019/01/20 12:00:00    7.514   4.276   992.14   2.096  -4.193 0.506 1.041e-08    0.62  256.22
2019/01/20 15:00:00    6.779   3.845   992.26   0.702  -1.898 0.518 0.000e+00   37.78  228.21
2019/01/20 18:00:00   -3.985   3.433   988.68   0.997  -4.732 1.000 1.881e-10    0.00  249.08
2019/01/20 21:00:00  -13.921  -2.577   980.79   1.728  -2.563 1.000 5.362e-08    0.00  291.21
2019/01/21 00:00:00   -3.772   9.554   975.38   1.905  -1.413 0.577 1.257e-07    0.00  297.18
2019/01/21 03:00:00   -1.549   9.144   975.82   1.771  -4.871 0.778 1.129e-08    0.00  258.10
2019/01/21 06:00:00   -5.304   4.964   975.81   1.634  -4.858 0.830 1.671e-09    0.00  257.27
2019/01/21 09:00:00   -4.658  -0.862   975.98   1.269  -4.886 0.966 2.600e-09    0.00  246.36
2019/01/21 12:00:00   -8.319 -10.780   977.13  -0.973  -2.342 0.995 3.512e-08    0.81  267.06
2019/01/21 15:00:00   -7.218 -11.081   977.74  -1.569  -2.782 1.000 7.489e-09   24.26  267.58
2019/01/21 18:00:00   -5.814 -13.693   979.98  -2.276  -4.850 1.000 2.475e-08    0.00  281.57
2019/01/21 21:00:00    1.470 -12.637   980.88  -1.736  -5.887 0.873 1.584e-08    0.00  278.53
2019/01/22 00:00:00    3.783  -9.290   983.54  -1.241  -5.325 0.944 2.615e-08    0.00  255.72
2019/01/22 03:00:00    6.714  -8.208   985.21  -1.214  -4.826 0.994 2.409e-08    0.00  251.38
2019/01/22 06:00:00    9.015  -8.747   986.30  -1.360  -4.124 0.973 3.583e-08    0.00  268.40
2019/01/22 09:00:00    7.953 -11.847   987.31  -0.944  -2.664 0.974 4.161e-08    0.00  283.09
2019/01/22 12:00:00   -1.633 -10.612   989.58   0.381  -2.886 0.759 3.250e-08    1.11  281.81
2019/01/22 15:00:00   -2.068  -9.939   991.75   0.836  -2.754 0.696 1.172e-08   31.91  264.33
2019/01/22 18:00:00   -3.105  -8.198   993.56   0.446  -2.291 0.671 1.695e-08    0.00  259.81
2019/01/22 21:00:00   -2.790  -7.330   994.95   0.533  -2.388 0.681 8.557e-09    0.00  252.55
2019/01/23 00:00:00   -2.796  -6.858   996.18   0.815  -2.616 0.584 1.254e-08    0.00  257.53
2019/01/23 03:00:00   -2.847  -7.936   996.62   0.302  -1.675 0.495 1.959e-08    0.00  248.23
2019/01/23 06:00:00   -3.419  -7.967   998.71   0.269  -2.395 0.248 7.195e-09    0.00  238.22
2019/01/23 09:00:00   -3.056  -7.601  1001.19   0.265  -3.041 0.183 1.985e-09    0.00  230.28
2019/01/23 12:00:00   -1.152  -6.995  1004.36  -0.233  -3.941 0.035 5.299e-11    2.83  221.50
2019/01/23 15:00:00   -3.588  -6.570  1005.22  -0.292  -3.208 0.663 1.049e-10   45.88  224.09
2019/01/23 18:00:00   -4.824  -4.496  1006.43   0.725  -3.023 0.977 2.666e-09    0.00  275.21
2019/01/23 21:00:00   -6.528  -7.065  1006.39   1.109  -1.581 0.590 1.393e-08    0.00  255.76
2019/01/24 00:00:00   -8.623  -9.127  1005.47   0.477  -1.131 1.000 1.463e-08    0.00  247.96
2019/01/24 03:00:00   -7.895 -10.059  1004.08   0.443  -1.317 1.000 2.029e-08    0.00  274.11
2019/01/24 06:00:00   -7.314  -8.262  1002.10   0.786  -1.974 1.000 1.867e-08    0.00  286.82
2019/01/24 09:00:00   -7.690  -8.680  1000.29   0.788  -0.864 1.000 2.478e-08    0.00  275.23
2019/01/24 12:00:00   -6.666 -12.076  1000.10   0.422  -0.914 1.000 3.604e-08    1.96  289.41
2019/01/24 15:00:00   -1.730 -11.363   998.84   0.030  -0.958 1.000 2.756e-08   18.89  289.99
2019/01/24 18:00:00   -4.742  -9.017   997.54   0.925  -0.783 1.000 9.493e-09    0.00  276.45
2019/01/24 21:00:00   -5.640  -8.873   999.01   1.333  -0.184 0.880 8.866e-09    0.00  286.40
2019/01/25 00:00:00   -7.563  -9.603  1001.71   1.648  -0.507 0.915 1.721e-08    0.00  286.04
2019/01/25 03:00:00   -9.323 -10.815  1003.15   1.969   1.015 0.964 1.715e-08    0.00  284.72
2019/01/25 06:00:00  -10.490  -9.247  1005.61   2.336   0.955 0.798 3.449e-08    0.00  286.36
2019/01/25 09:00:00  -12.716  -7.773  1008.69   2.717  -0.168 0.795 1.292e-08    0.00  269.98
2019/01/25 12:00:00  -12.321  -6.318  1011.99   3.030  -0.262 0.764 4.530e-10    3.92  266.92
2019/01/25 15:00:00   -9.956  -6.348  1013.57   2.909  -1.662 0.205 0.000e+00   49.89  241.39
2019/01/25 18:00:00   -7.279  -8.547  1015.62   2.453  -1.552 0.392 9.912e-10    0.00  233.61
2019/01/25 21:00:00   -6.662  -7.523  1016.54   2.089  -1.601 0.336 7.201e-09    0.00  256.29
2019/01/26 00:00:00   -5.706  -7.527  1017.87   1.630  -2.674 0.366 1.013e-09    0.00  231.85
2019/01/26 03:00:00   -5.958  -6.383  1018.38   0.784  -1.930 0.570 3.792e-09    0.00  243.89
2019/01/26 06:00:00   -4.983  -5.315  1018.99   0.838  -2.240 0.740 4.140e-09    0.00  239.47
2019/01/26 09:00:00   -4.372  -5.054  1020.10   0.907  -2.456 0.601 7.423e-09    0.00  248.12
2019/01/26 12:00:00   -3.312  -4.791  1020.40   0.402  -2.567 0.610 5.865e-09    5.94  246.67
2019/01/26 15:00:00   -2.423  -3.803  1019.75   0.609  -3.590 0.836 1.890e-09   49.47  255.95
2019/01/26 18:00:00   -2.232  -1.551  1018.05   0.535  -3.651 0.703 1.416e-09    0.00  260.46
2019/01/26 21:00:00   -0.669   0.148  1016.09   0.667  -3.230 0.992 1.268e-09    0.00  247.79
2019/01/27 00:00:00   -2.738  -2.365  1013.34   0.144  -3.205 1.000 1.197e-09    0.00  251.32
2019/01/27 03:00:00   -3.911   2.441  1009.89   1.355  -3.625 0.967 4.856e-09    0.00  263.15
2019/01/27 06:00:00   -6.007   4.253  1006.49   1.956  -3.665 0.953 2.906e-10    0.00  267.57
2019/01/27 09:00:00   -7.690   6.118  1003.23   2.140  -2.192 0.944 5.432e-09    0.00  273.26
2019/01/27 12:00:00   -9.197   7.037  1000.90   2.760   0.078 0.996 5.898e-09    4.32  294.78
2019/01/27 15:00:00   -9.644   6.694   998.39   2.638  -1.445 1.000 3.901e-09   29.71  285.81
2019/01/27 18:00:00  -11.268   5.853   996.81   2.205  -0.929 1.000 5.517e-08    0.00  297.98
2019/01/27 21:00:00    0.809   4.827   996.21   1.434  -1.206 1.000 1.022e-07    0.00  305.17
2019/01/28 00:00:00    4.737   2.209   996.77   1.245  -4.422 0.981 3.098e-08    0.00  291.80
2019/01/28 03:00:00    1.721   1.305   996.08   1.368  -6.301 0.734 1.247e-08    0.00  270.56
2019/01/28 06:00:00   -1.232   2.519   995.55   0.634  -5.305 0.764 1.313e-08    0.00  255.06
2019/01/28 09:00:00   -2.714   1.648   995.15   0.353  -3.446 0.891 3.194e-08    0.00  263.46
2019/01/28 12:00:00   -4.747   1.090   995.74   0.206  -2.987 0.928 2.213e-08    6.23  267.79
2019/01/28 15:00:00   -5.573   1.817   996.21   0.278  -3.394 0.858 2.455e-08   37.86  261.74
2019/01/28 18:00:00   -7.730  -0.572   997.33   0.140  -2.871 0.989 6.833e-08    0.00  278.34
2019/01/28 21:00:00  -16.879  -7.487  1000.46  -1.263  -3.535 0.998 7.944e-08    0.00  281.14
2019/01/29 00:00:00  -12.886 -10.983  1002.93  -1.772  -4.138 1.000 1.725e-08    0.00  271.23
2019/01/29 03:00:00  -12.186  -8.948  1004.09  -1.699  -6.094 0.984 7.281e-09    0.00  246.82
2019/01/29 06:00:00  -11.196 -12.513  1005.17  -2.117  -5.106 0.750 1.569e-08    0.00  229.05
2019/01/29 09:00:00  -11.492 -11.598  1006.24  -2.017  -4.436 0.725 1.411e-08    0.00  234.47
2019/01/29 12:00:00   -9.974 -10.989  1007.94  -2.072  -3.891 0.778 5.515e-09   10.68  225.48
2019/01/29 15:00:00   -8.679 -10.166  1008.22  -2.535  -4.129 0.584 1.951e-09   58.43  224.99
2019/01/29 18:00:00   -8.184 -10.036  1008.83  -2.835  -4.626 0.773 1.821e-09    0.00  224.25
2019/01/29 21:00:00   -9.525  -8.007  1009.06  -2.679  -5.366 0.671 6.825e-09    0.00  246.13
2019/01/30 00:00:00   -9.144  -9.155  1009.71  -2.465  -4.753 0.506 9.997e-09    0.00  223.04
2019/01/30 03:00:00  -10.160  -8.062  1009.59  -2.895  -5.375 0.464 4.875e-09    0.00  213.77
2019/01/30 06:00:00  -10.241  -8.655  1010.09  -3.612  -6.586 0.591 1.298e-09    0.00  209.34
2019/01/30 09:00:00   -9.423  -7.766  1009.84  -3.698  -7.621 0.843 4.375e-09    0.00  258.33
2019/01/30 12:00:00   -9.742 -10.587  1010.51  -2.785  -7.063 0.664 1.580e-08   11.59  233.54
2019/01/30 15:00:00   -9.923 -10.292  1010.43  -3.171  -6.153 0.611 1.210e-08   62.36  224.89
2019/01/30 18:00:00   -9.159 -11.541  1010.78  -3.453  -6.128 0.610 9.144e-09    0.01  222.37
2019/01/30 21:00:00   -9.040 -10.466  1011.63  -3.323  -6.896 0.629 4.075e-09    0.00  229.98
2019/01/31 00:00:00   -7.384 -10.357  1012.59  -2.839  -7.375 0.758 3.227e-09    0.00  242.60
2019/01/31 03:00:00   -8.051  -8.102  1012.77  -2.888  -6.228 0.926 6.823e-09    0.00  252.88
2019/01/31 06:00:00   -8.771  -7.872  1013.02  -2.639  -6.274 0.782 2.694e-09    0.00  231.71
2019/01/31 09:00:00   -7.855  -9.330  1014.25  -2.505  -6.388 0.790 7.251e-09    0.00  225.51
2019/01/31 12:00:00   -9.050  -8.172  1015.60  -3.084  -6.801 0.954 3.348e-09   13.30  219.76
2019/01/31 15:00:00   -8.545  -7.808  1016.83  -2.742  -6.979 0.790 5.139e-09   59.90  234.34
2019/01/31 18:00:00   -8.647  -7.119  1017.63  -3.009  -6.379 0.886 4.303e-09    0.06  229.92
2019/01/31 21:00:00   -8.950  -6.787  1019.15  -3.584  -6.219 0.675 5.259e-09    0.00  216.67
2019/02/01 00:00:00   -8.209  -7.338  1020.46  -3.882  -6.974 0.375 4.928e-09    0.00  212.33
2019/02/01 03:00:00   -6.752  -5.326  1020.34  -3.957  -8.194 0.445 1.077e-09    0.00  212.54
2019/02/01 06:00:00   -6.002  -4.615  1020.80  -4.112  -8.157 0.775 1.912e-09    0.00  205.49
2019/02/01 09:00:00   -6.297  -4.546  1020.97  -4.461  -8.230 0.721 5.834e-09    0.00  222.36
2019/02/01 12:00:00   -5.576  -3.407  1020.92  -4.435  -9.409 0.581 1.746e-09   16.80  217.66
2019/02/01 15:00:00   -3.330  -3.098  1020.24  -4.597 -10.099 0.678 3.162e-10   79.72  206.62
2019/02/01 18:00:00   -3.215  -1.145  1019.18  -4.462  -9.754 0.712 8.602e-12    0.24  215.16
2019/02/01 21:00:00   -2.528  -0.135  1017.95  -3.843  -9.730 0.658 3.121e-09    0.00  235.73
2019/02/02 00:00:00   -1.207   3.100  1016.93  -2.087  -9.296 0.950 1.154e-09    0.00  220.15
2019/02/02 03:00:00   -0.969   4.667  1015.50  -1.146  -9.556 0.942 8.050e-09    0.00  242.41
2019/02/02 06:00:00   -1.080   5.600  1014.43  -0.854  -8.867 0.651 7.597e-09    0.00  237.59
2019/02/02 09:00:00   -1.989   6.700  1013.41  -0.726  -7.700 0.386 2.068e-09    0.00  224.99
2019/02/02 12:00:00   -4.443   5.627  1012.57  -0.372  -7.268 0.405 2.620e-10   20.73  223.30
2019/02/02 15:00:00   -6.247   3.860  1011.20  -0.533  -6.932 0.929 3.819e-09   80.42  217.60
2019/02/02 18:00:00   -7.197   1.888  1009.60  -0.808  -6.860 0.823 6.384e-09    0.57  221.46
2019/02/02 21:00:00   -8.115  -2.105  1008.12  -1.006  -6.350 0.978 1.047e-08    0.00  243.80
2019/02/03 00:00:00   -8.821  -3.695  1007.46  -1.471  -5.447 1.000 4.439e-09    0.00  245.89
2019/02/03 03:00:00   -9.046  -4.177  1006.50  -1.427  -5.635 0.975 7.960e-09    0.00  227.95
2019/02/03 06:00:00   -8.655  -3.983  1005.79  -1.081  -6.187 0.998 6.055e-10    0.00  229.90
2019/02/03 09:00:00  -10.156  -4.112  1005.28  -0.158  -6.801 1.000 6.997e-10    0.00  267.43
2019/02/03 12:00:00  -11.574  -4.309  1006.06  -0.096  -5.887 1.000 1.049e-08   12.26  284.37
2019/02/03 15:00:00  -10.511  -2.689  1005.53  -0.314  -5.507 1.000 1.626e-08   34.73  287.75
2019/02/03 18:00:00   -9.038  -1.614  1005.37  -0.011  -5.752 1.000 1.481e-08    0.55  288.58
2019/02/03 21:00:00   -7.741  -1.329  1005.95   0.244  -5.559 0.981 1.258e-08    0.00  285.96
2019/02/04 00:00:00   -6.300  -1.215  1006.89   0.842  -6.033 0.912 1.966e-09    0.00  273.74
2019/02/04 03:00:00   -4.916  -1.225  1007.47   1.193  -6.040 0.928 1.924e-09    0.00  268.34
2019/02/04 06:00:00   -4.760  -2.827  1008.93   1.285  -5.049 0.465 3.263e-09    0.00  248.49
2019/02/04 09:00:00   -6.389  -2.499  1009.94   1.006  -2.827 0.882 3.047e-09    0.00  241.97
2019/02/04 12:00:00   -8.435  -2.934  1012.07   1.237  -2.841 0.955 1.041e-08   20.15  255.58
2019/02/04 15:00:00   -9.912  -3.384  1012.67   1.390  -1.813 0.860 2.651e-08   63.23  262.38
2019/02/04 18:00:00  -10.109  -3.772  1012.97   1.376  -1.664 0.982 2.026e-08    1.23  269.81
2019/02/04 21:00:00  -10.713  -3.817  1013.66   1.056  -1.355 0.450 8.109e-10    0.00  239.70
2019/02/05 00:00:00  -11.545  -5.615  1013.22   0.922  -2.546 0.993 3.081e-09    0.00  244.04
2019/02/05 03:00:00  -12.206  -5.428  1012.05   0.981  -3.086 0.999 1.233e-10    0.00  284.84
2019/02/05 06:00:00  -13.090  -6.033  1010.77   1.478  -3.149 1.000 5.914e-10    0.00  290.35
2019/02/05 09:00:00  -13.919  -6.713  1009.45   2.102  -2.797 1.000 1.546e-09    0.00  287.37
2019/02/05 12:00:00  -13.628  -9.296  1008.62   2.795  -1.787 1.000 1.249e-09   12.22  285.08
2019/02/05 15:00:00  -15.297  -7.592  1007.34   2.605  -1.289 1.000 4.045e-10   38.68  296.59
2019/02/05 18:00:00  -14.929 -10.835  1004.85   2.254  -1.472 1.000 1.172e-09    1.18  301.20
2019/02/05 21:00:00  -15.997 -11.275  1003.89   2.439  -1.626 1.000 9.768e-09    0.00  302.84
2019/02/06 00:00:00  -18.033 -10.634  1003.39   2.543  -1.330 1.000 3.999e-09    0.00  302.37
2019/02/06 03:00:00  -17.931  -9.638  1002.59   2.606  -1.123 1.000 2.702e-08    0.00  291.64
2019/02/06 06:00:00  -16.623 -10.084  1002.94   2.525  -1.861 1.000 6.269e-09    0.00  302.48
2019/02/06 09:00:00  -16.893  -9.239  1003.91   2.262  -2.289 0.989 2.540e-09    0.00  288.43
2019/02/06 12:00:00  -15.441  -9.780  1005.85   2.439  -2.737 0.999 1.370e-09   11.35  301.13
2019/02/06 15:00:00  -14.888  -8.895  1006.16   2.133  -3.277 0.868 1.186e-09   49.26  290.91
2019/02/06 18:00:00  -14.260  -9.231  1006.82   1.925  -3.667 0.821 1.110e-09    1.68  289.06
2019/02/06 21:00:00  -12.393  -8.456  1007.74   1.621  -4.443 0.905 5.723e-10    0.00  268.86
2019/02/07 00:00:00  -11.018  -8.176  1008.85   1.224  -4.840 0.974 4.425e-10    0.00  276.11
2019/02/07 03:00:00   -9.201  -8.225  1008.84   0.410  -5.179 0.772 7.085e-11    0.00  258.92
2019/02/07 06:00:00   -8.134  -8.100  1008.78  -0.524  -5.177 0.889 3.248e-10    0.00  255.97
2019/02/07 09:00:00   -7.833  -7.774  1009.11  -0.987  -5.509 0.973 5.968e-10    0.00  275.38
2019/02/07 12:00:00   -6.866  -8.483  1009.98  -0.602  -4.987 0.988 5.897e-10   16.96  273.18
2019/02/07 15:00:00   -7.270  -8.017  1009.51  -0.680  -5.040 0.988 4.397e-10   71.25  262.00
2019/02/07 18:00:00   -8.188  -7.779  1009.78  -0.760  -5.369 0.997 5.938e-10    3.54  276.64
2019/02/07 21:00:00   -7.583  -8.970  1009.94  -1.017  -5.153 0.997 2.100e-09    0.00  285.85
2019/02/08 00:00:00   -7.437 -10.260  1010.57  -1.012  -4.767 0.966 6.190e-09    0.00  289.57
2019/02/08 03:00:00   -8.503  -9.937  1009.59  -0.992  -4.778 0.938 1.045e-08    0.00  280.13
2019/02/08 06:00:00   -8.707 -10.084  1009.57  -1.093  -5.575 0.992 2.412e-09    0.00  266.63
2019/02/08 09:00:00   -9.774 -10.627  1009.75  -1.641  -6.523 0.990 3.577e-09    0.00  284.60
2019/02/08 12:00:00   -9.379 -11.371  1010.35  -2.350  -7.283 0.999 2.053e-09   18.68  266.76
2019/02/08 15:00:00  -10.080 -11.737  1010.96  -4.025  -7.919 0.992 1.700e-09   62.86  251.84
2019/02/08 18:00:00   -8.543 -12.975  1010.85  -5.167  -8.103 0.995 5.868e-09    3.59  256.76
2019/02/08 21:00:00   -6.362 -14.479  1011.02  -4.885  -7.617 0.988 1.270e-08    0.00  264.10
2019/02/09 00:00:00   -6.196 -15.850  1010.66  -5.147  -6.986 0.975 8.984e-09    0.00  246.35
2019/02/09 03:00:00   -6.958 -14.506  1010.35  -3.783  -5.427 0.903 1.413e-08    0.00  255.59
2019/02/09 06:00:00   -7.507 -13.775  1010.36  -2.999  -5.205 0.664 1.560e-08    0.00  258.60
2019/02/09 09:00:00   -8.267 -12.332  1011.07  -2.688  -4.989 0.786 7.915e-09    0.00  237.29
2019/02/09 12:00:00   -7.386 -12.057  1012.13  -2.144  -4.790 0.901 9.668e-09   34.54  245.93
2019/02/09 15:00:00   -7.328 -10.434  1012.83  -2.135  -5.361 0.970 3.392e-09   95.77  245.60
2019/02/09 18:00:00   -6.071 -10.610  1013.63  -2.262  -6.905 0.901 8.755e-10    6.09  248.60
2019/02/09 21:00:00   -6.463  -8.420  1013.66  -2.487  -7.430 0.962 2.628e-09    0.00  248.78
2019/02/10 00:00:00   -5.533  -8.769  1014.44  -2.294  -6.516 0.988 9.252e-10    0.00  265.24
2019/02/10 03:00:00   -5.309  -5.744  1013.40  -2.450  -6.453 1.000 6.945e-10    0.00  244.00
2019/02/10 06:00:00   -3.561  -4.868  1012.81  -2.717  -6.419 0.990 5.356e-10    0.00  248.83
2019/02/10 09:00:00   -3.068  -3.015  1012.02  -2.809  -6.830 0.976 2.602e-10    0.00  253.34
2019/02/10 12:00:00   -2.014  -3.892  1012.09  -2.694  -7.932 0.995 2.140e-10   35.53  252.99
2019/02/10 15:00:00   -2.145  -3.530  1011.91  -2.268  -7.878 0.957 1.006e-10   87.10  242.32
2019/02/10 18:00:00   -3.682  -2.383  1011.52  -1.707  -7.543 0.793 1.007e-10    8.73  241.41
2019/02/10 21:00:00   -4.755  -1.743  1011.64  -0.820  -9.341 0.912 5.097e-10    0.00  240.16
2019/02/11 00:00:00   -6.760  -3.924  1011.39  -1.732  -7.426 0.405 3.331e-10    0.00  245.25
2019/02/11 03:00:00   -7.995  -3.425  1009.99  -1.142  -7.114 0.959 9.973e-09    0.00  245.73
2019/02/11 06:00:00  -10.483  -2.948  1007.86  -0.004  -6.298 0.999 1.059e-09    0.00  286.03
2019/02/11 09:00:00  -11.847  -3.546  1004.95   0.964  -4.706 1.000 1.486e-09    0.00  283.89
2019/02/11 12:00:00  -13.686  -7.044  1003.00   1.724  -2.956 1.000 5.461e-09   21.79  294.11
2019/02/11 15:00:00  -15.621  -6.240  1000.85   1.359  -1.504 1.000 5.789e-08   35.62  301.83
2019/02/11 18:00:00  -15.355  -5.208   999.97   1.729  -1.284 1.000 6.038e-08    2.76  308.94
2019/02/11 21:00:00  -12.425  -3.077   999.57   2.721  -0.492 0.998 4.205e-08    0.00  301.46
2019/02/12 00:00:00  -12.502  -7.310   998.58   2.631  -0.380 1.000 2.423e-08    0.00  302.76
2019/02/12 03:00:00  -12.443 -10.474   995.47   1.607  -0.108 1.000 2.296e-08    0.00  301.49
2019/02/12 06:00:00  -12.353 -13.097   992.53   0.508  -1.209 1.000 4.691e-08    0.00  297.63
2019/02/12 09:00:00   -9.765 -15.556   989.79  -1.516  -3.504 1.000 6.959e-08    0.00  298.10
2019/02/12 12:00:00   -6.232 -16.987   990.79  -3.482  -5.217 1.000 1.453e-07    7.00  292.59
2019/02/12 15:00:00   -4.335 -15.344   990.58  -4.124  -5.965 1.000 6.533e-08   25.57  285.90
2019/02/12 18:00:00   -5.100 -14.617   992.01  -3.990  -6.083 1.000 4.657e-08    2.86  284.58
2019/02/12 21:00:00   -6.431 -13.730   994.02  -3.799  -6.094 1.000 4.422e-08    0.00  284.63
2019/02/13 00:00:00   -6.371 -14.684   995.17  -3.681  -6.171 1.000 3.026e-08    0.00  284.70
2019/02/13 03:00:00   -6.966 -13.943   995.40  -3.581  -6.069 1.000 2.307e-08    0.00  280.61
2019/02/13 06:00:00   -8.023 -13.569   994.34  -3.174  -6.605 0.998 1.964e-08    0.00  281.54
2019/02/13 09:00:00   -7.721 -12.392   993.20  -2.895  -6.757 1.000 2.331e-08    0.00  272.86
2019/02/13 12:00:00   -6.414 -11.695   992.06  -2.398  -5.074 0.996 2.603e-08   27.00  277.81
2019/02/13 15:00:00   -6.125 -12.917   990.13  -2.268  -4.917 0.999 3.796e-08   45.24  286.22
2019/02/13 18:00:00   -5.008 -13.033   989.15  -2.704  -5.687 1.000 9.825e-09   11.64  274.50
2019/02/13 21:00:00   -1.086 -13.179   989.64  -2.835  -6.500 1.000 1.600e-08    0.00  268.89
2019/02/14 00:00:00    0.654 -12.260   991.85  -3.395  -6.514 1.000 1.933e-08    0.00  280.40
2019/02/14 03:00:00   -2.344 -11.813   994.06  -3.109  -6.066 0.995 1.860e-08    0.00  278.11
2019/02/14 06:00:00   -6.906  -9.520   996.64  -2.558  -5.862 1.000 1.901e-08    0.00  279.90
2019/02/14 09:00:00   -7.739  -9.005   999.66  -1.699  -5.629 0.992 3.615e-08    0.00  279.62
2019/02/14 12:00:00  -10.340  -7.968  1001.10  -1.247  -5.184 0.986 1.643e-08   37.25  262.42
2019/02/14 15:00:00  -10.895  -7.335  1001.46  -0.568  -4.039 0.979 1.834e-08   71.58  272.65
2019/02/14 18:00:00  -10.053  -7.260  1001.92  -0.001  -3.255 0.904 1.991e-08   16.21  252.46
2019/02/14 21:00:00   -8.324  -6.859  1002.07   0.227  -3.395 0.874 8.893e-09    0.00  244.49
2019/02/15 00:00:00   -7.749 -10.392  1002.53   0.111  -3.521 0.803 1.205e-08    0.00  252.98
2019/02/15 03:00:00   -7.617  -9.664  1002.18  -0.174  -2.998 0.693 1.087e-08    0.00  244.20
2019/02/15 06:00:00   -3.807 -10.609  1001.67  -1.086  -2.958 0.681 4.662e-09    0.00  222.81
2019/02/15 09:00:00   -2.913 -10.344  1001.89  -1.978  -3.806 0.383 5.898e-10    0.00  220.63
2019/02/15 12:00:00   -0.212  -8.578  1002.97  -2.937  -4.540 0.702 7.008e-10   74.08  222.89
2019/02/15 15:00:00    0.521  -6.159  1003.51  -3.819  -6.896 0.243 3.492e-11  157.16  206.15
2019/02/15 18:00:00    1.495  -4.542  1004.66  -4.683  -7.956 0.101 0.000e+00   26.44  202.17
2019/02/15 21:00:00    0.902  -3.543  1006.28  -4.769  -8.590 0.214 8.867e-13    0.00  206.53
2019/02/16 00:00:00    0.943  -0.880  1007.01  -5.437  -8.452 0.276 3.703e-11    0.00  219.85
2019/02/16 03:00:00    0.214  -1.081  1007.52  -3.962  -8.406 0.654 2.107e-11    0.00  221.45
2019/02/16 06:00:00   -2.380   1.013  1008.26  -1.998  -7.124 0.456 2.383e-10    0.00  221.02
2019/02/16 09:00:00   -3.164   2.976  1008.97  -0.396  -6.993 1.000 3.860e-11    0.00  230.67
2019/02/16 12:00:00   -5.127  -1.033  1010.19   0.235  -6.782 0.999 9.454e-11   58.38  253.53
2019/02/16 15:00:00   -7.629  -3.348  1009.85   0.212  -5.011 1.000 1.778e-10  112.83  250.50
2019/02/16 18:00:00   -9.379  -5.682  1010.02  -0.339  -3.259 1.000 6.569e-10   20.62  243.80
2019/02/16 21:00:00   -9.123  -8.692  1009.31  -0.568  -4.186 0.991 1.299e-09    0.00  245.95
2019/02/17 00:00:00   -9.125 -12.814  1008.20  -0.637  -5.117 1.000 6.778e-09    0.00  262.31
2019/02/17 03:00:00  -10.199 -12.824  1007.02  -0.268  -4.011 1.000 2.843e-08    0.00  284.32
2019/02/17 06:00:00  -10.914 -13.297  1006.81  -1.553  -5.500 1.000 1.815e-08    0.00  285.88
2019/02/17 09:00:00  -11.560 -13.185  1007.48  -2.406  -5.861 1.000 2.808e-08    0.00  285.17
2019/02/17 12:00:00  -11.176 -13.168  1008.80  -2.898  -5.754 1.000 3.867e-08   22.79  288.54
2019/02/17 15:00:00   -8.777 -13.446  1009.50  -3.392  -6.443 1.000 2.982e-08   48.38  285.10
2019/02/17 18:00:00  -10.106 -13.357  1009.81  -3.724  -6.783 1.000 1.894e-08   11.17  282.20
2019/02/17 21:00:00   -9.526 -13.141  1010.77  -4.273  -7.155 1.000 1.570e-08    0.00  279.03
2019/02/18 00:00:00   -9.457 -12.901  1010.84  -4.004  -7.079 0.998 1.055e-08    0.00  277.30
2019/02/18 03:00:00   -7.099 -13.265  1011.74  -4.871  -7.768 0.999 7.118e-09    0.00  271.87
2019/02/18 06:00:00   -6.617 -12.023  1011.13  -5.305  -8.339 1.000 6.578e-09    0.00  273.75
2019/02/18 09:00:00   -7.013 -10.882  1011.44  -4.649  -7.690 0.995 9.083e-09    0.00  275.99
2019/02/18 12:00:00   -8.458  -9.761  1010.68  -3.231  -6.723 1.000 7.427e-09   34.77  279.13
2019/02/18 15:00:00   -9.328  -8.413  1010.01  -1.906  -6.040 1.000 9.038e-09   47.88  287.99
2019/02/18 18:00:00  -10.946  -6.018  1008.98  -0.824  -5.615 1.000 8.892e-09    9.18  286.71
2019/02/18 21:00:00  -11.308  -4.484  1007.92  -0.003  -5.281 1.000 3.356e-09    0.00  282.91
2019/02/19 00:00:00  -10.647  -4.609  1006.81   0.726  -5.465 1.000 3.973e-09    0.00  292.46
2019/02/19 03:00:00  -12.122  -3.101  1005.15   1.033  -4.690 0.993 5.896e-09    0.00  279.57
2019/02/19 06:00:00  -13.592  -2.464  1002.43   1.505  -4.312 1.000 7.919e-10    0.00  271.64
2019/02/19 09:00:00  -13.595  -1.547  1000.99   1.649  -2.661 1.000 1.404e-08    0.00  298.89
2019/02/19 12:00:00  -13.521  -2.648  1000.51   2.030  -0.878 1.000 4.679e-08   20.71  311.61
2019/02/19 15:00:00  -13.630  -1.117   999.40   2.560  -0.149 1.000 5.109e-08   37.90  313.73
2019/02/19 18:00:00  -13.720  -0.494   997.95   2.708   0.056 1.000 3.322e-08   14.97  297.78
2019/02/19 21:00:00  -14.029  -3.622   996.69   3.270  -0.517 1.000 1.755e-09    0.00  295.98
2019/02/20 00:00:00  -14.898  -7.013   994.47   2.550   0.156 1.000 1.400e-09    0.00  288.75
